Wvlgth Extraterrestrial_spectrm Direct_normal_irradiance Difuse_horizn_irradiance Global_horizn_irradiance
.2800E+03 .8116E-01 .0000E+00 .1648E-23 .1648E-23
.2805E+03 .1058E+00 .0000E+00 .7298E-22 .7298E-22
.2810E+03 .1775E+00 .0000E+00 .4095E-21 .4095E-21
.2815E+03 .2493E+00 .0000E+00 .1753E-19 .1753E-19
.2820E+03 .3016E+00 .0000E+00 .1600E-18 .1600E-18
.2825E+03 .3250E+00 .0000E+00 .5204E-18 .5204E-18
.2830E+03 .3547E+00 .0000E+00 .4888E-18 .4888E-18
.2835E+03 .3334E+00 .0000E+00 .6839E-18 .6839E-18
.2840E+03 .3322E+00 .0000E+00 .1030E-16 .1030E-16
.2845E+03 .2601E+00 .0000E+00 .3098E-16 .3098E-16
.2850E+03 .1226E+00 .0000E+00 .6714E-16 .6714E-16
.2855E+03 .1424E+00 .2845E-42 .5094E-15 .5094E-15
.2860E+03 .3110E+00 .7249E-41 .1900E-14 .1900E-14
.2865E+03 .3704E+00 .1526E-38 .8339E-14 .8339E-14
.2870E+03 .3908E+00 .7107E-37 .2449E-13 .2449E-13
.2875E+03 .3912E+00 .1050E-34 .1010E-12 .1010E-12
.2880E+03 .2590E+00 .3756E-32 .4231E-12 .4231E-12
.2885E+03 .3712E+00 .1455E-30 .1604E-11 .1604E-11
.2890E+03 .4346E+00 .5301E-29 .4256E-11 .4256E-11
.2895E+03 .5080E+00 .2650E-27 .1253E-10 .1253E-10
.2900E+03 .6390E+00 .7342E-26 .3546E-10 .3546E-10
.2905E+03 .6681E+00 .9990E-25 .7408E-10 .7408E-10
.2910E+03 .6307E+00 .2109E-23 .1661E-09 .1661E-09
.2915E+03 .6227E+00 .1121E-21 .5144E-09 .5144E-09
.2920E+03 .5925E+00 .2714E-20 .1252E-08 .1252E-08
.2925E+03 .5136E+00 .1410E-19 .1622E-08 .1622E-08
.2930E+03 .5867E+00 .1653E-18 .3615E-08 .3615E-08
.2935E+03 .5958E+00 .4046E-17 .9319E-08 .9319E-08
.2940E+03 .5213E+00 .2958E-16 .1511E-07 .1511E-07
.2945E+03 .5621E+00 .1585E-15 .2588E-07 .2588E-07
.2950E+03 .5338E+00 .1152E-14 .4557E-07 .4557E-07
.2955E+03 .6021E+00 .1625E-13 .1112E-06 .1112E-06
.2960E+03 .6424E+00 .9539E-13 .1997E-06 .1997E-06
.2965E+03 .5096E+00 .3809E-12 .2071E-06 .2071E-06
.2970E+03 .4387E+00 .1184E-11 .2839E-06 .2839E-06
.2975E+03 .6182E+00 .1019E-10 .7757E-06 .7757E-06
.2980E+03 .5769E+00 .4066E-10 .1234E-05 .1234E-05
.2985E+03 .3918E+00 .8075E-10 .1243E-05 .1243E-05
.2990E+03 .5966E+00 .3354E-09 .2739E-05 .2739E-05
.2995E+03 .5394E+00 .1555E-08 .4566E-05 .4567E-05
.3000E+03 .4309E+00 .2691E-08 .4859E-05 .4860E-05
.3005E+03 .4542E+00 .6487E-08 .6978E-05 .6980E-05
.3010E+03 .5109E+00 .2417E-07 .1237E-04 .1237E-04
.3015E+03 .5477E+00 .6810E-07 .1916E-04 .1917E-04
.3020E+03 .3872E+00 .7619E-07 .1608E-04 .1609E-04
.3025E+03 .5624E+00 .2547E-06 .3199E-04 .3205E-04
.3030E+03 .7000E+00 .8768E-06 .5853E-04 .5873E-04
.3035E+03 .7123E+00 .1580E-05 .7378E-04 .7415E-04
.3040E+03 .5970E+00 .1748E-05 .6835E-04 .6876E-04
.3045E+03 .6704E+00 .3855E-05 .1057E-03 .1066E-03
.3050E+03 .6961E+00 .9598E-05 .1811E-03 .1833E-03
.3055E+03 .6335E+00 .1471E-04 .2235E-03 .2270E-03
.3060E+03 .5609E+00 .1602E-04 .2222E-03 .2259E-03
.3065E+03 .6059E+00 .2398E-04 .2912E-03 .2967E-03
.3070E+03 .6664E+00 .5105E-04 .4863E-03 .4981E-03
.3075E+03 .6739E+00 .9308E-04 .7247E-03 .7462E-03
.3080E+03 .6789E+00 .1043E-03 .7740E-03 .7982E-03
.3085E+03 .7036E+00 .1436E-03 .9671E-03 .1000E-02
.3090E+03 .5812E+00 .1484E-03 .9241E-03 .9585E-03
.3095E+03 .5310E+00 .2495E-03 .1614E-02 .1671E-02
.3100E+03 .4808E+00 .2988E-03 .1766E-02 .1836E-02
.3105E+03 .7390E+00 .5299E-03 .2974E-02 .3097E-02
.3110E+03 .8520E+00 .7660E-03 .4005E-02 .4183E-02
.3115E+03 .7906E+00 .7917E-03 .3971E-02 .4155E-02
.3120E+03 .6638E+00 .1031E-02 .4639E-02 .4878E-02
.3125E+03 .7205E+00 .1483E-02 .6241E-02 .6585E-02
.3130E+03 .7355E+00 .1762E-02 .7112E-02 .7521E-02
.3135E+03 .7502E+00 .1616E-02 .6521E-02 .6896E-02
.3140E+03 .8204E+00 .2442E-02 .9233E-02 .9799E-02
.3145E+03 .6131E+00 .2711E-02 .9643E-02 .1027E-01
.3150E+03 .7796E+00 .3741E-02 .1297E-01 .1384E-01
.3155E+03 .7034E+00 .2885E-02 .9947E-02 .1062E-01
.3160E+03 .5358E+00 .3014E-02 .9942E-02 .1064E-01
.3165E+03 .6856E+00 .4992E-02 .1600E-01 .1716E-01
.3170E+03 .8507E+00 .6253E-02 .1969E-01 .2114E-01
.3175E+03 .9101E+00 .6378E-02 .1972E-01 .2120E-01
.3180E+03 .6560E+00 .5505E-02 .1664E-01 .1792E-01
.3185E+03 .7055E+00 .8045E-02 .2405E-01 .2591E-01
.3190E+03 .7789E+00 .1037E-01 .3072E-01 .3313E-01
.3195E+03 .7064E+00 .7680E-02 .2196E-01 .2374E-01
.3200E+03 .8651E+00 .9260E-02 .2595E-01 .2809E-01
.3205E+03 .9389E+00 .1353E-01 .3798E-01 .4112E-01
.3210E+03 .7397E+00 .1361E-01 .3891E-01 .4206E-01
.3215E+03 .6981E+00 .1337E-01 .3764E-01 .4074E-01
.3220E+03 .8427E+00 .1289E-01 .3421E-01 .3720E-01
.3225E+03 .7255E+00 .1148E-01 .2995E-01 .3261E-01
.3230E+03 .6619E+00 .1256E-01 .3293E-01 .3584E-01
.3235E+03 .7064E+00 .1756E-01 .4605E-01 .5013E-01
.3240E+03 .8081E+00 .2113E-01 .5442E-01 .5932E-01
.3245E+03 .8549E+00 .2076E-01 .5270E-01 .5751E-01
.3250E+03 .8110E+00 .1689E-01 .4148E-01 .4540E-01
.3255E+03 .9735E+00 .2330E-01 .5777E-01 .6318E-01
.3260E+03 .1088E+01 .3122E-01 .7509E-01 .8233E-01
.3265E+03 .1031E+01 .3326E-01 .7923E-01 .8694E-01
.3270E+03 .1044E+01 .3306E-01 .7700E-01 .8467E-01
.3275E+03 .1030E+01 .3166E-01 .7225E-01 .7959E-01
.3280E+03 .9857E+00 .2646E-01 .6041E-01 .6655E-01
.3285E+03 .9446E+00 .3099E-01 .6845E-01 .7564E-01
.3290E+03 .1059E+01 .3964E-01 .8776E-01 .9695E-01
.3295E+03 .1178E+01 .4610E-01 .1014E+00 .1120E+00
.3300E+03 .1202E+01 .4666E-01 .1001E+00 .1109E+00
.3305E+03 .1006E+01 .3643E-01 .7561E-01 .8406E-01
.3310E+03 .1040E+01 .3706E-01 .7544E-01 .8403E-01
.3315E+03 .1015E+01 .3954E-01 .7979E-01 .8896E-01
.3320E+03 .1041E+01 .4500E-01 .9125E-01 .1017E+00
.3325E+03 .1006E+01 .4567E-01 .9245E-01 .1030E+00
.3330E+03 .1013E+01 .4576E-01 .9046E-01 .1011E+00
.3335E+03 .9480E+00 .4086E-01 .7811E-01 .8759E-01
.3340E+03 .9741E+00 .4227E-01 .7935E-01 .8915E-01
.3345E+03 .1076E+01 .5094E-01 .9603E-01 .1078E+00
.3350E+03 .9865E+00 .4912E-01 .9265E-01 .1040E+00
.3355E+03 .1109E+01 .5705E-01 .1096E+00 .1229E+00
.3360E+03 .7651E+00 .3997E-01 .7571E-01 .8498E-01
.3365E+03 .9361E+00 .4803E-01 .8575E-01 .9689E-01
.3370E+03 .7785E+00 .3949E-01 .6869E-01 .7785E-01
.3375E+03 .9715E+00 .4954E-01 .8461E-01 .9611E-01
.3380E+03 .9169E+00 .4997E-01 .8594E-01 .9753E-01
.3385E+03 .1025E+01 .5767E-01 .1010E+00 .1143E+00
.3390E+03 .1015E+01 .5835E-01 .9979E-01 .1133E+00
.3395E+03 .9703E+00 .5657E-01 .9576E-01 .1089E+00
.3400E+03 .1172E+01 .6770E-01 .1101E+00 .1258E+00
.3405E+03 .1051E+01 .6188E-01 .9951E-01 .1139E+00
.3410E+03 .9972E+00 .6091E-01 .9846E-01 .1126E+00
.3415E+03 .9186E+00 .5742E-01 .9041E-01 .1037E+00
.3420E+03 .1097E+01 .6961E-01 .1079E+00 .1240E+00
.3425E+03 .1024E+01 .6621E-01 .1009E+00 .1162E+00
.3430E+03 .1121E+01 .7313E-01 .1106E+00 .1275E+00
.3435E+03 .1052E+01 .6913E-01 .1038E+00 .1198E+00
.3440E+03 .7928E+00 .5142E-01 .7529E-01 .8721E-01
.3445E+03 .7774E+00 .5207E-01 .7711E-01 .8918E-01
.3450E+03 .1032E+01 .7116E-01 .1020E+00 .1185E+00
.3455E+03 .1053E+01 .7402E-01 .1041E+00 .1212E+00
.3460E+03 .8938E+00 .6386E-01 .8835E-01 .1032E+00
.3465E+03 .1010E+01 .7328E-01 .9991E-01 .1169E+00
.3470E+03 .1080E+01 .7904E-01 .1069E+00 .1252E+00
.3475E+03 .8704E+00 .6446E-01 .8618E-01 .1011E+00
.3480E+03 .9927E+00 .7482E-01 .9825E-01 .1156E+00
.3485E+03 .9921E+00 .7578E-01 .9815E-01 .1157E+00
.3490E+03 .9182E+00 .7121E-01 .9094E-01 .1075E+00
.3495E+03 .9062E+00 .7128E-01 .8983E-01 .1064E+00
.3500E+03 .1118E+01 .8915E-01 .1109E+00 .1316E+00
.3505E+03 .1177E+01 .9493E-01 .1167E+00 .1387E+00
.3510E+03 .1049E+01 .8534E-01 .1039E+00 .1237E+00
.3515E+03 .1015E+01 .8301E-01 .1006E+00 .1198E+00
.3520E+03 .1089E+01 .9070E-01 .1080E+00 .1290E+00
.3525E+03 .8493E+00 .7176E-01 .8419E-01 .1008E+00
.3530E+03 .1068E+01 .9152E-01 .1059E+00 .1271E+00
.3535E+03 .1140E+01 .9872E-01 .1130E+00 .1359E+00
.3540E+03 .1182E+01 .1033E+00 .1171E+00 .1410E+00
.3545E+03 .1198E+01 .1058E+00 .1186E+00 .1431E+00
.3550E+03 .1192E+01 .1065E+00 .1180E+00 .1427E+00
.3555E+03 .1074E+01 .9745E-01 .1065E+00 .1291E+00
.3560E+03 .1121E+01 .1032E+00 .1114E+00 .1353E+00
.3565E+03 .9564E+00 .8890E-01 .9494E-01 .1156E+00
.3570E+03 .7898E+00 .7408E-01 .7832E-01 .9550E-01
.3575E+03 .9660E+00 .9152E-01 .9575E-01 .1170E+00
.3580E+03 .7646E+00 .7324E-01 .7579E-01 .9277E-01
.3585E+03 .6526E+00 .6317E-01 .6468E-01 .7933E-01
.3590E+03 .9119E+00 .8914E-01 .9031E-01 .1110E+00
.3595E+03 .1161E+01 .1144E+00 .1148E+00 .1413E+00
.3600E+03 .1229E+01 .1224E+00 .1215E+00 .1499E+00
.3605E+03 .9811E+00 .9874E-01 .9701E-01 .1199E+00
.3610E+03 .8924E+00 .9087E-01 .8828E-01 .1094E+00
.3615E+03 .1024E+01 .1057E+00 .1014E+00 .1259E+00
.3620E+03 .8820E+00 .9233E-01 .8750E-01 .1089E+00
.3625E+03 .1216E+01 .1290E+00 .1208E+00 .1507E+00
.3630E+03 .1089E+01 .1169E+00 .1083E+00 .1354E+00
.3635E+03 .1001E+01 .1087E+00 .9948E-01 .1247E+00
.3640E+03 .1221E+01 .1341E+00 .1214E+00 .1525E+00
.3645E+03 .1042E+01 .1155E+00 .1035E+00 .1303E+00
.3650E+03 .1059E+01 .1185E+00 .1052E+00 .1327E+00
.3655E+03 .1327E+01 .1500E+00 .1318E+00 .1666E+00
.3660E+03 .1403E+01 .1604E+00 .1394E+00 .1766E+00
.3665E+03 .1315E+01 .1520E+00 .1307E+00 .1660E+00
.3670E+03 .1279E+01 .1491E+00 .1270E+00 .1616E+00
.3675E+03 .1325E+01 .1557E+00 .1315E+00 .1677E+00
.3680E+03 .1158E+01 .1372E+00 .1148E+00 .1467E+00
.3685E+03 .1166E+01 .1397E+00 .1157E+00 .1481E+00
.3690E+03 .1257E+01 .1522E+00 .1247E+00 .1600E+00
.3695E+03 .1338E+01 .1637E+00 .1328E+00 .1708E+00
.3700E+03 .1423E+01 .1762E+00 .1414E+00 .1822E+00
.3705E+03 .1103E+01 .1379E+00 .1096E+00 .1415E+00
.3710E+03 .1176E+01 .1486E+00 .1169E+00 .1513E+00
.3715E+03 .1470E+01 .1872E+00 .1460E+00 .1894E+00
.3720E+03 .9746E+00 .1251E+00 .9671E-01 .1257E+00
.3725E+03 .1167E+01 .1512E+00 .1158E+00 .1508E+00
.3730E+03 .1184E+01 .1551E+00 .1175E+00 .1535E+00
.3735E+03 .7692E+00 .1017E+00 .7633E-01 .9992E-01
.3740E+03 .1116E+01 .1489E+00 .1107E+00 .1453E+00
.3745E+03 .9226E+00 .1243E+00 .9153E-01 .1204E+00
.3750E+03 .8958E+00 .1217E+00 .8883E-01 .1170E+00
.3755E+03 .1336E+01 .1829E+00 .1324E+00 .1748E+00
.3760E+03 .1107E+01 .1526E+00 .1096E+00 .1450E+00
.3765E+03 .1146E+01 .1592E+00 .1134E+00 .1503E+00
.3770E+03 .1211E+01 .1699E+00 .1198E+00 .1592E+00
.3775E+03 .1415E+01 .2003E+00 .1400E+00 .1864E+00
.3780E+03 .1533E+01 .2186E+00 .1515E+00 .2022E+00
.3785E+03 .1448E+01 .2080E+00 .1430E+00 .1913E+00
.3790E+03 .1195E+01 .1728E+00 .1179E+00 .1579E+00
.3795E+03 .1091E+01 .1588E+00 .1075E+00 .1443E+00
.3800E+03 .1134E+01 .1662E+00 .1116E+00 .1501E+00
.3805E+03 .1371E+01 .2027E+00 .1349E+00 .1819E+00
.3810E+03 .1371E+01 .2047E+00 .1349E+00 .1824E+00
.3815E+03 .1084E+01 .1635E+00 .1067E+00 .1447E+00
.3820E+03 .9608E+00 .1462E+00 .9460E-01 .1285E+00
.3825E+03 .8171E+00 .1256E+00 .8048E-01 .1096E+00
.3830E+03 .7551E+00 .1170E+00 .7436E-01 .1015E+00
.3835E+03 .7262E+00 .1134E+00 .7148E-01 .9779E-01
.3840E+03 .8000E+00 .1259E+00 .7870E-01 .1079E+00
.3845E+03 .1175E+01 .1864E+00 .1156E+00 .1588E+00
.3850E+03 .1164E+01 .1861E+00 .1144E+00 .1576E+00
.3855E+03 .1082E+01 .1746E+00 .1064E+00 .1469E+00
.3860E+03 .9254E+00 .1506E+00 .9096E-01 .1259E+00
.3865E+03 .1213E+01 .1993E+00 .1193E+00 .1655E+00
.3870E+03 .1008E+01 .1666E+00 .9896E-01 .1376E+00
.3875E+03 .1131E+01 .1883E+00 .1110E+00 .1546E+00
.3880E+03 .1043E+01 .1750E+00 .1023E+00 .1429E+00
.3885E+03 .1029E+01 .1741E+00 .1010E+00 .1413E+00
.3890E+03 .1110E+01 .1891E+00 .1088E+00 .1527E+00
.3895E+03 .1343E+01 .2305E+00 .1316E+00 .1850E+00
.3900E+03 .1346E+01 .2328E+00 .1318E+00 .1858E+00
.3905E+03 .1237E+01 .2156E+00 .1211E+00 .1711E+00
.3910E+03 .1454E+01 .2554E+00 .1423E+00 .2015E+00
.3915E+03 .1482E+01 .2619E+00 .1449E+00 .2057E+00
.3920E+03 .1248E+01 .2219E+00 .1218E+00 .1733E+00
.3925E+03 .1115E+01 .1999E+00 .1089E+00 .1553E+00
.3930E+03 .6195E+00 .1120E+00 .6049E-01 .8647E-01
.3935E+03 .4497E+00 .8190E-01 .4390E-01 .6289E-01
.3940E+03 .9141E+00 .1676E+00 .8917E-01 .1280E+00
.3945E+03 .1161E+01 .2144E+00 .1132E+00 .1629E+00
.3950E+03 .1415E+01 .2629E+00 .1378E+00 .1988E+00
.3955E+03 .1437E+01 .2684E+00 .1398E+00 .2020E+00
.3960E+03 .1244E+01 .2341E+00 .1210E+00 .1753E+00
.3965E+03 .7261E+00 .1378E+00 .7061E-01 .1026E+00
.3970E+03 .5442E+00 .1040E+00 .5290E-01 .7702E-01
.3975E+03 .1106E+01 .2127E+00 .1074E+00 .1567E+00
.3980E+03 .1549E+01 .2991E+00 .1502E+00 .2195E+00
.3985E+03 .1599E+01 .3107E+00 .1549E+00 .2270E+00
.3990E+03 .1728E+01 .3389E+00 .1675E+00 .2460E+00
.3995E+03 .1720E+01 .3395E+00 .1666E+00 .2454E+00
.4000E+03 .1786E+01 .3539E+00 .1727E+00 .2548E+00
.4010E+03 .1830E+01 .3675E+00 .1760E+00 .2612E+00
.4020E+03 .1925E+01 .3922E+00 .1851E+00 .2760E+00
.4030E+03 .1824E+01 .3767E+00 .1752E+00 .2626E+00
.4040E+03 .1793E+01 .3744E+00 .1719E+00 .2588E+00
.4050E+03 .1790E+01 .3778E+00 .1713E+00 .2589E+00
.4060E+03 .1755E+01 .3758E+00 .1680E+00 .2551E+00
.4070E+03 .1722E+01 .3738E+00 .1646E+00 .2513E+00
.4080E+03 .1789E+01 .3913E+00 .1704E+00 .2612E+00
.4090E+03 .1911E+01 .4228E+00 .1817E+00 .2798E+00
.4100E+03 .1665E+01 .3729E+00 .1582E+00 .2447E+00
.4110E+03 .1800E+01 .4077E+00 .1708E+00 .2653E+00
.4120E+03 .1927E+01 .4423E+00 .1828E+00 .2853E+00
.4130E+03 .1879E+01 .4345E+00 .1777E+00 .2784E+00
.4140E+03 .1897E+01 .4441E+00 .1792E+00 .2822E+00
.4150E+03 .1897E+01 .4494E+00 .1790E+00 .2832E+00
.4160E+03 .1925E+01 .4618E+00 .1814E+00 .2885E+00
.4170E+03 .1875E+01 .4541E+00 .1763E+00 .2817E+00
.4180E+03 .1838E+01 .4495E+00 .1725E+00 .2767E+00
.4190E+03 .1859E+01 .4592E+00 .1742E+00 .2807E+00
.4200E+03 .1849E+01 .4607E+00 .1728E+00 .2797E+00
.4210E+03 .1930E+01 .4861E+00 .1801E+00 .2929E+00
.4220E+03 .1832E+01 .4657E+00 .1705E+00 .2785E+00
.4230E+03 .1786E+01 .4586E+00 .1659E+00 .2722E+00
.4240E+03 .1888E+01 .4886E+00 .1747E+00 .2881E+00
.4250E+03 .1881E+01 .4920E+00 .1738E+00 .2879E+00
.4260E+03 .1826E+01 .4836E+00 .1686E+00 .2807E+00
.4270E+03 .1790E+01 .4778E+00 .1649E+00 .2757E+00
.4280E+03 .1742E+01 .4684E+00 .1602E+00 .2688E+00
.4290E+03 .1645E+01 .4478E+00 .1512E+00 .2550E+00
.4300E+03 .1437E+01 .3947E+00 .1318E+00 .2234E+00
.4310E+03 .1424E+01 .3935E+00 .1302E+00 .2214E+00
.4320E+03 .1834E+01 .5125E+00 .1673E+00 .2862E+00
.4330E+03 .1841E+01 .5190E+00 .1676E+00 .2880E+00
.4340E+03 .1709E+01 .4848E+00 .1551E+00 .2675E+00
.4350E+03 .1784E+01 .5091E+00 .1615E+00 .2795E+00
.4360E+03 .2005E+01 .5784E+00 .1813E+00 .3154E+00
.4370E+03 .1972E+01 .5752E+00 .1780E+00 .3114E+00
.4380E+03 .1792E+01 .5275E+00 .1613E+00 .2837E+00
.4390E+03 .1857E+01 .5470E+00 .1661E+00 .2929E+00
.4400E+03 .1912E+01 .5687E+00 .1705E+00 .3024E+00
.4410E+03 .1976E+01 .5943E+00 .1758E+00 .3137E+00
.4420E+03 .2116E+01 .6416E+00 .1878E+00 .3366E+00
.4430E+03 .2064E+01 .6291E+00 .1825E+00 .3284E+00
.4440E+03 .2104E+01 .6459E+00 .1857E+00 .3355E+00
.4450E+03 .2060E+01 .6349E+00 .1813E+00 .3285E+00
.4460E+03 .1959E+01 .6109E+00 .1726E+00 .3142E+00
.4470E+03 .2112E+01 .6644E+00 .1858E+00 .3399E+00
.4480E+03 .2149E+01 .6767E+00 .1879E+00 .3449E+00
.4490E+03 .2149E+01 .6850E+00 .1877E+00 .3465E+00
.4500E+03 .2204E+01 .7088E+00 .1920E+00 .3564E+00
.4510E+03 .2284E+01 .7392E+00 .1983E+00 .3697E+00
.4520E+03 .2198E+01 .7160E+00 .1904E+00 .3565E+00
.4530E+03 .2065E+01 .6773E+00 .1785E+00 .3356E+00
.4540E+03 .2151E+01 .7116E+00 .1857E+00 .3507E+00
.4550E+03 .2163E+01 .7193E+00 .1859E+00 .3527E+00
.4560E+03 .2212E+01 .7405E+00 .1894E+00 .3612E+00
.4570E+03 .2247E+01 .7565E+00 .1915E+00 .3669E+00
.4580E+03 .2172E+01 .7332E+00 .1839E+00 .3539E+00
.4590E+03 .2158E+01 .7333E+00 .1817E+00 .3518E+00
.4600E+03 .2164E+01 .7381E+00 .1811E+00 .3523E+00
.4610E+03 .2212E+01 .7589E+00 .1843E+00 .3604E+00
.4620E+03 .2224E+01 .7693E+00 .1851E+00 .3635E+00
.4630E+03 .2210E+01 .7665E+00 .1834E+00 .3611E+00
.4640E+03 .2167E+01 .7584E+00 .1800E+00 .3559E+00
.4650E+03 .2134E+01 .7537E+00 .1774E+00 .3522E+00
.4660E+03 .2151E+01 .7655E+00 .1785E+00 .3561E+00
.4670E+03 .2113E+01 .7536E+00 .1745E+00 .3493E+00
.4680E+03 .2137E+01 .7662E+00 .1757E+00 .3534E+00
.4690E+03 .2147E+01 .7741E+00 .1756E+00 .3552E+00
.4700E+03 .2079E+01 .7527E+00 .1693E+00 .3438E+00
.4710E+03 .2075E+01 .7547E+00 .1684E+00 .3434E+00
.4720E+03 .2187E+01 .7981E+00 .1768E+00 .3619E+00
.4730E+03 .2159E+01 .7913E+00 .1740E+00 .3575E+00
.4740E+03 .2166E+01 .7938E+00 .1735E+00 .3576E+00
.4750E+03 .2189E+01 .8029E+00 .1742E+00 .3604E+00
.4760E+03 .2129E+01 .7811E+00 .1680E+00 .3492E+00
.4770E+03 .2138E+01 .7857E+00 .1674E+00 .3496E+00
.4780E+03 .2194E+01 .8107E+00 .1707E+00 .3587E+00
.4790E+03 .2175E+01 .8088E+00 .1680E+00 .3556E+00
.4800E+03 .2174E+01 .8133E+00 .1668E+00 .3554E+00
.4810E+03 .2209E+01 .8323E+00 .1686E+00 .3616E+00
.4820E+03 .2214E+01 .8409E+00 .1684E+00 .3634E+00
.4830E+03 .2181E+01 .8352E+00 .1657E+00 .3594E+00
.4840E+03 .2133E+01 .8218E+00 .1620E+00 .3526E+00
.4850E+03 .2030E+01 .7867E+00 .1541E+00 .3366E+00
.4860E+03 .1771E+01 .6909E+00 .1345E+00 .2947E+00
.4870E+03 .1853E+01 .7274E+00 .1406E+00 .3093E+00
.4880E+03 .2033E+01 .8001E+00 .1536E+00 .3391E+00
.4890E+03 .2041E+01 .8044E+00 .1533E+00 .3398E+00
.4900E+03 .2143E+01 .8497E+00 .1603E+00 .3574E+00
.4910E+03 .2103E+01 .8388E+00 .1567E+00 .3512E+00
.4920E+03 .1985E+01 .7949E+00 .1473E+00 .3317E+00
.4930E+03 .2049E+01 .8236E+00 .1516E+00 .3426E+00
.4940E+03 .2069E+01 .8343E+00 .1525E+00 .3460E+00
.4950E+03 .2085E+01 .8440E+00 .1531E+00 .3489E+00
.4960E+03 .2098E+01 .8511E+00 .1532E+00 .3506E+00
.4970E+03 .2130E+01 .8671E+00 .1546E+00 .3557E+00
.4980E+03 .2030E+01 .8289E+00 .1463E+00 .3385E+00
.4990E+03 .2056E+01 .8413E+00 .1469E+00 .3421E+00
.5000E+03 .1999E+01 .8185E+00 .1418E+00 .3316E+00
.5010E+03 .1964E+01 .8048E+00 .1380E+00 .3246E+00
.5020E+03 .1943E+01 .7948E+00 .1350E+00 .3193E+00
.5030E+03 .2029E+01 .8290E+00 .1395E+00 .3318E+00
.5040E+03 .2000E+01 .8139E+00 .1361E+00 .3249E+00
.5050E+03 .2051E+01 .8395E+00 .1391E+00 .3338E+00
.5060E+03 .2119E+01 .8714E+00 .1432E+00 .3453E+00
.5070E+03 .2015E+01 .8335E+00 .1361E+00 .3294E+00
.5080E+03 .1946E+01 .8106E+00 .1315E+00 .3195E+00
.5090E+03 .1995E+01 .8355E+00 .1348E+00 .3286E+00
.5100E+03 .1981E+01 .8331E+00 .1337E+00 .3269E+00
.5110E+03 .2030E+01 .8571E+00 .1367E+00 .3355E+00
.5120E+03 .2049E+01 .8690E+00 .1376E+00 .3391E+00
.5130E+03 .1939E+01 .8257E+00 .1297E+00 .3212E+00
.5140E+03 .1923E+01 .8223E+00 .1281E+00 .3188E+00
.5150E+03 .1903E+01 .8162E+00 .1262E+00 .3155E+00
.5160E+03 .1899E+01 .8164E+00 .1253E+00 .3147E+00
.5170E+03 .1686E+01 .7277E+00 .1108E+00 .2796E+00
.5180E+03 .1773E+01 .7669E+00 .1160E+00 .2939E+00
.5190E+03 .1860E+01 .8059E+00 .1211E+00 .3080E+00
.5200E+03 .1928E+01 .8365E+00 .1249E+00 .3189E+00
.5210E+03 .1947E+01 .8457E+00 .1253E+00 .3215E+00
.5220E+03 .1950E+01 .8476E+00 .1246E+00 .3212E+00
.5230E+03 .1916E+01 .8347E+00 .1218E+00 .3154E+00
.5240E+03 .1987E+01 .8662E+00 .1253E+00 .3262E+00
.5250E+03 .2015E+01 .8765E+00 .1259E+00 .3292E+00
.5260E+03 .1926E+01 .8377E+00 .1193E+00 .3136E+00
.5270E+03 .1819E+01 .7896E+00 .1115E+00 .2947E+00
.5280E+03 .1926E+01 .8343E+00 .1170E+00 .3105E+00
.5290E+03 .2033E+01 .8793E+00 .1224E+00 .3263E+00
.5300E+03 .2005E+01 .8682E+00 .1198E+00 .3212E+00
.5310E+03 .2036E+01 .8826E+00 .1208E+00 .3255E+00
.5320E+03 .1966E+01 .8539E+00 .1160E+00 .3140E+00
.5330E+03 .1909E+01 .8310E+00 .1120E+00 .3048E+00
.5340E+03 .1963E+01 .8578E+00 .1148E+00 .3138E+00
.5350E+03 .2004E+01 .8785E+00 .1169E+00 .3206E+00
.5360E+03 .2020E+01 .8883E+00 .1175E+00 .3235E+00
.5370E+03 .1939E+01 .8558E+00 .1125E+00 .3109E+00
.5380E+03 .1972E+01 .8739E+00 .1140E+00 .3167E+00
.5390E+03 .1955E+01 .8696E+00 .1126E+00 .3143E+00
.5400E+03 .1875E+01 .8358E+00 .1074E+00 .3013E+00
.5410E+03 .1894E+01 .8445E+00 .1078E+00 .3036E+00
.5420E+03 .1956E+01 .8722E+00 .1105E+00 .3128E+00
.5430E+03 .1930E+01 .8635E+00 .1084E+00 .3087E+00
.5440E+03 .1969E+01 .8808E+00 .1098E+00 .3141E+00
.5450E+03 .1961E+01 .8776E+00 .1088E+00 .3123E+00
.5460E+03 .1975E+01 .8823E+00 .1088E+00 .3134E+00
.5470E+03 .1970E+01 .8801E+00 .1078E+00 .3120E+00
.5480E+03 .1944E+01 .8703E+00 .1059E+00 .3077E+00
.5490E+03 .1948E+01 .8754E+00 .1057E+00 .3088E+00
.5500E+03 .1971E+01 .8888E+00 .1065E+00 .3127E+00
.5510E+03 .1946E+01 .8799E+00 .1047E+00 .3088E+00
.5520E+03 .1959E+01 .8873E+00 .1049E+00 .3107E+00
.5530E+03 .1925E+01 .8723E+00 .1024E+00 .3048E+00
.5540E+03 .1972E+01 .8935E+00 .1043E+00 .3115E+00
.5550E+03 .1977E+01 .8952E+00 .1038E+00 .3114E+00
.5560E+03 .1952E+01 .8839E+00 .1018E+00 .3068E+00
.5570E+03 .1893E+01 .8569E+00 .9798E-01 .2967E+00
.5580E+03 .1882E+01 .8497E+00 .9649E-01 .2935E+00
.5590E+03 .1850E+01 .8331E+00 .9392E-01 .2871E+00
.5600E+03 .1874E+01 .8450E+00 .9440E-01 .2904E+00
.5610E+03 .1901E+01 .8573E+00 .9496E-01 .2938E+00
.5620E+03 .1891E+01 .8512E+00 .9355E-01 .2910E+00
.5630E+03 .1947E+01 .8748E+00 .9544E-01 .2983E+00
.5640E+03 .1897E+01 .8512E+00 .9225E-01 .2897E+00
.5650E+03 .1884E+01 .8442E+00 .9088E-01 .2867E+00
.5660E+03 .1859E+01 .8323E+00 .8902E-01 .2820E+00
.5670E+03 .1898E+01 .8485E+00 .9018E-01 .2870E+00
.5680E+03 .1892E+01 .8423E+00 .8909E-01 .2844E+00
.5690E+03 .1869E+01 .8270E+00 .8717E-01 .2790E+00
.5700E+03 .1865E+01 .8247E+00 .8638E-01 .2776E+00
.5710E+03 .1848E+01 .8168E+00 .8498E-01 .2744E+00
.5720E+03 .1906E+01 .8387E+00 .8693E-01 .2814E+00
.5730E+03 .1929E+01 .8477E+00 .8743E-01 .2840E+00
.5740E+03 .1926E+01 .8450E+00 .8681E-01 .2828E+00
.5750E+03 .1895E+01 .8296E+00 .8497E-01 .2774E+00
.5760E+03 .1878E+01 .8225E+00 .8392E-01 .2747E+00
.5770E+03 .1896E+01 .8327E+00 .8459E-01 .2777E+00
.5780E+03 .1862E+01 .8221E+00 .8302E-01 .2737E+00
.5790E+03 .1860E+01 .8287E+00 .8303E-01 .2752E+00
.5800E+03 .1881E+01 .8489E+00 .8421E-01 .2811E+00
.5810E+03 .1880E+01 .8568E+00 .8432E-01 .2830E+00
.5820E+03 .1905E+01 .8782E+00 .8568E-01 .2894E+00
.5830E+03 .1902E+01 .8854E+00 .8565E-01 .2910E+00
.5840E+03 .1914E+01 .8968E+00 .8615E-01 .2941E+00
.5850E+03 .1864E+01 .8772E+00 .8378E-01 .2872E+00
.5860E+03 .1826E+01 .8607E+00 .8182E-01 .2814E+00
.5870E+03 .1872E+01 .8804E+00 .8349E-01 .2877E+00
.5880E+03 .1855E+01 .8653E+00 .8206E-01 .2827E+00
.5890E+03 .1703E+01 .7772E+00 .7429E-01 .2545E+00
.5900E+03 .1775E+01 .8139E+00 .7723E-01 .2660E+00
.5910E+03 .1843E+01 .8571E+00 .8024E-01 .2790E+00
.5920E+03 .1841E+01 .8520E+00 .7952E-01 .2771E+00
.5930E+03 .1845E+01 .8601E+00 .7939E-01 .2789E+00
.5940E+03 .1842E+01 .8583E+00 .7867E-01 .2777E+00
.5950E+03 .1812E+01 .8407E+00 .7673E-01 .2717E+00
.5960E+03 .1840E+01 .8625E+00 .7766E-01 .2777E+00
.5970E+03 .1828E+01 .8543E+00 .7655E-01 .2747E+00
.5980E+03 .1811E+01 .8526E+00 .7548E-01 .2732E+00
.5990E+03 .1806E+01 .8534E+00 .7489E-01 .2728E+00
.6000E+03 .1797E+01 .8529E+00 .7420E-01 .2720E+00
.6010E+03 .1774E+01 .8438E+00 .7293E-01 .2686E+00
.6020E+03 .1761E+01 .8368E+00 .7205E-01 .2661E+00
.6030E+03 .1786E+01 .8496E+00 .7283E-01 .2699E+00
.6040E+03 .1814E+01 .8631E+00 .7375E-01 .2739E+00
.6050E+03 .1803E+01 .8609E+00 .7323E-01 .2729E+00
.6060E+03 .1792E+01 .8643E+00 .7297E-01 .2734E+00
.6070E+03 .1805E+01 .8800E+00 .7378E-01 .2779E+00
.6080E+03 .1781E+01 .8759E+00 .7303E-01 .2762E+00
.6090E+03 .1781E+01 .8816E+00 .7321E-01 .2777E+00
.6100E+03 .1765E+01 .8774E+00 .7266E-01 .2762E+00
.6110E+03 .1772E+01 .8858E+00 .7312E-01 .2786E+00
.6120E+03 .1765E+01 .8849E+00 .7292E-01 .2781E+00
.6130E+03 .1741E+01 .8754E+00 .7200E-01 .2750E+00
.6140E+03 .1714E+01 .8667E+00 .7104E-01 .2720E+00
.6150E+03 .1748E+01 .8899E+00 .7262E-01 .2790E+00
.6160E+03 .1688E+01 .8640E+00 .7023E-01 .2706E+00
.6170E+03 .1683E+01 .8647E+00 .7007E-01 .2706E+00
.6180E+03 .1746E+01 .8996E+00 .7270E-01 .2813E+00
.6190E+03 .1728E+01 .8922E+00 .7191E-01 .2788E+00
.6200E+03 .1739E+01 .8968E+00 .7223E-01 .2802E+00
.6210E+03 .1744E+01 .8922E+00 .7207E-01 .2790E+00
.6220E+03 .1728E+01 .8614E+00 .7046E-01 .2702E+00
.6230E+03 .1705E+01 .8297E+00 .6868E-01 .2611E+00
.6240E+03 .1673E+01 .8281E+00 .6776E-01 .2598E+00
.6250E+03 .1669E+01 .8440E+00 .6812E-01 .2639E+00
.6260E+03 .1694E+01 .8632E+00 .6928E-01 .2695E+00
.6270E+03 .1722E+01 .8767E+00 .7029E-01 .2736E+00
.6280E+03 .1720E+01 .7869E+00 .6702E-01 .2495E+00
.6290E+03 .1720E+01 .8506E+00 .6917E-01 .2664E+00
.6300E+03 .1684E+01 .8291E+00 .6750E-01 .2598E+00
.6310E+03 .1685E+01 .8661E+00 .6871E-01 .2696E+00
.6320E+03 .1659E+01 .8711E+00 .6817E-01 .2702E+00
.6330E+03 .1694E+01 .9077E+00 .7013E-01 .2806E+00
.6340E+03 .1666E+01 .9041E+00 .6927E-01 .2789E+00
.6350E+03 .1687E+01 .9228E+00 .7029E-01 .2843E+00
.6360E+03 .1658E+01 .9121E+00 .6918E-01 .2807E+00
.6370E+03 .1681E+01 .9286E+00 .7019E-01 .2856E+00
.6380E+03 .1689E+01 .9398E+00 .7068E-01 .2886E+00
.6390E+03 .1666E+01 .9347E+00 .6991E-01 .2867E+00
.6400E+03 .1646E+01 .9305E+00 .6922E-01 .2850E+00
.6410E+03 .1642E+01 .9342E+00 .6917E-01 .2858E+00
.6420E+03 .1630E+01 .9329E+00 .6878E-01 .2852E+00
.6430E+03 .1652E+01 .9491E+00 .6974E-01 .2899E+00
.6440E+03 .1643E+01 .9484E+00 .6941E-01 .2894E+00
.6450E+03 .1648E+01 .9545E+00 .6962E-01 .2910E+00
.6460E+03 .1623E+01 .9406E+00 .6849E-01 .2866E+00
.6470E+03 .1631E+01 .9407E+00 .6864E-01 .2868E+00
.6480E+03 .1646E+01 .9511E+00 .6910E-01 .2897E+00
.6490E+03 .1614E+01 .9322E+00 .6769E-01 .2839E+00
.6500E+03 .1582E+01 .9286E+00 .6668E-01 .2821E+00
.6510E+03 .1641E+01 .9683E+00 .6923E-01 .2938E+00
.6520E+03 .1622E+01 .9485E+00 .6799E-01 .2880E+00
.6530E+03 .1620E+01 .9606E+00 .6826E-01 .2910E+00
.6540E+03 .1596E+01 .9497E+00 .6727E-01 .2875E+00
.6550E+03 .1561E+01 .9225E+00 .6548E-01 .2794E+00
.6560E+03 .1366E+01 .8145E+00 .5744E-01 .2464E+00
.6570E+03 .1403E+01 .8369E+00 .5888E-01 .2530E+00
.6580E+03 .1561E+01 .9338E+00 .6549E-01 .2821E+00
.6590E+03 .1565E+01 .9325E+00 .6546E-01 .2817E+00
.6600E+03 .1569E+01 .9217E+00 .6513E-01 .2789E+00
.6610E+03 .1580E+01 .8963E+00 .6449E-01 .2724E+00
.6620E+03 .1590E+01 .8702E+00 .6381E-01 .2656E+00
.6630E+03 .1556E+01 .8688E+00 .6288E-01 .2644E+00
.6640E+03 .1564E+01 .9086E+00 .6420E-01 .2749E+00
.6650E+03 .1558E+01 .9279E+00 .6456E-01 .2798E+00
.6660E+03 .1556E+01 .9438E+00 .6491E-01 .2838E+00
.6670E+03 .1551E+01 .9547E+00 .6506E-01 .2865E+00
.6680E+03 .1548E+01 .9618E+00 .6512E-01 .2882E+00
.6690E+03 .1569E+01 .9815E+00 .6614E-01 .2938E+00
.6700E+03 .1561E+01 .9806E+00 .6581E-01 .2932E+00
.6710E+03 .1559E+01 .9830E+00 .6575E-01 .2937E+00
.6720E+03 .1544E+01 .9767E+00 .6514E-01 .2917E+00
.6730E+03 .1566E+01 .9940E+00 .6609E-01 .2966E+00
.6740E+03 .1559E+01 .9928E+00 .6579E-01 .2961E+00
.6750E+03 .1543E+01 .9860E+00 .6513E-01 .2938E+00
.6760E+03 .1553E+01 .9944E+00 .6550E-01 .2961E+00
.6770E+03 .1536E+01 .9859E+00 .6477E-01 .2934E+00
.6780E+03 .1539E+01 .9896E+00 .6486E-01 .2944E+00
.6790E+03 .1513E+01 .9752E+00 .6375E-01 .2899E+00
.6800E+03 .1525E+01 .9852E+00 .6420E-01 .2927E+00
.6810E+03 .1514E+01 .9813E+00 .6373E-01 .2913E+00
.6820E+03 .1512E+01 .9824E+00 .6359E-01 .2914E+00
.6830E+03 .1509E+01 .9826E+00 .6341E-01 .2913E+00
.6840E+03 .1502E+01 .9797E+00 .6305E-01 .2903E+00
.6850E+03 .1513E+01 .9899E+00 .6351E-01 .2931E+00
.6860E+03 .1506E+01 .9853E+00 .6312E-01 .2916E+00
.6870E+03 .1525E+01 .4825E+00 .4712E-01 .1590E+00
.6880E+03 .1507E+01 .6396E+00 .5257E-01 .2009E+00
.6890E+03 .1504E+01 .6458E+00 .5267E-01 .2024E+00
.6900E+03 .1494E+01 .7067E+00 .5442E-01 .2183E+00
.6910E+03 .1482E+01 .7806E+00 .5645E-01 .2375E+00
.6920E+03 .1469E+01 .8507E+00 .5819E-01 .2555E+00
.6930E+03 .1471E+01 .8861E+00 .5922E-01 .2647E+00
.6940E+03 .1475E+01 .9125E+00 .6001E-01 .2716E+00
.6950E+03 .1475E+01 .9487E+00 .6104E-01 .2811E+00
.6960E+03 .1488E+01 .9555E+00 .6149E-01 .2831E+00
.6970E+03 .1481E+01 .9879E+00 .6235E-01 .2915E+00
.6980E+03 .1461E+01 .9753E+00 .6152E-01 .2877E+00
.6990E+03 .1480E+01 .9715E+00 .6189E-01 .2872E+00
.7000E+03 .1462E+01 .9612E+00 .6120E-01 .2841E+00
.7010E+03 .1459E+01 .9578E+00 .6107E-01 .2832E+00
.7020E+03 .1450E+01 .9600E+00 .6096E-01 .2836E+00
.7030E+03 .1456E+01 .9632E+00 .6119E-01 .2846E+00
.7040E+03 .1471E+01 .9844E+00 .6216E-01 .2905E+00
.7050E+03 .1473E+01 .9918E+00 .6242E-01 .2924E+00
.7060E+03 .1459E+01 .9862E+00 .6196E-01 .2907E+00
.7070E+03 .1455E+01 .9875E+00 .6196E-01 .2910E+00
.7080E+03 .1459E+01 .9905E+00 .6215E-01 .2919E+00
.7090E+03 .1444E+01 .9866E+00 .6173E-01 .2906E+00
.7100E+03 .1451E+01 .9906E+00 .6203E-01 .2918E+00
.7110E+03 .1444E+01 .9879E+00 .6181E-01 .2909E+00
.7120E+03 .1433E+01 .9836E+00 .6144E-01 .2896E+00
.7130E+03 .1424E+01 .9774E+00 .6110E-01 .2878E+00
.7140E+03 .1430E+01 .9820E+00 .6137E-01 .2891E+00
.7150E+03 .1403E+01 .9598E+00 .6011E-01 .2827E+00
.7160E+03 .1410E+01 .9662E+00 .6048E-01 .2846E+00
.7170E+03 .1430E+01 .9009E+00 .5889E-01 .2678E+00
.7180E+03 .1407E+01 .8812E+00 .5716E-01 .2615E+00
.7190E+03 .1381E+01 .8241E+00 .5421E-01 .2453E+00
.7200E+03 .1408E+01 .8546E+00 .5627E-01 .2545E+00
.7210E+03 .1392E+01 .8850E+00 .5722E-01 .2625E+00
.7220E+03 .1391E+01 .9483E+00 .5994E-01 .2799E+00
.7230E+03 .1404E+01 .9235E+00 .5902E-01 .2732E+00
.7240E+03 .1392E+01 .8730E+00 .5674E-01 .2592E+00
.7250E+03 .1383E+01 .8760E+00 .5684E-01 .2600E+00
.7260E+03 .1385E+01 .8819E+00 .5774E-01 .2623E+00
.7270E+03 .1394E+01 .9007E+00 .5802E-01 .2669E+00
.7280E+03 .1370E+01 .8566E+00 .5652E-01 .2552E+00
.7290E+03 .1342E+01 .8625E+00 .5613E-01 .2562E+00
.7300E+03 .1375E+01 .9056E+00 .5843E-01 .2685E+00
.7310E+03 .1364E+01 .8773E+00 .5718E-01 .2606E+00
.7320E+03 .1368E+01 .9132E+00 .5851E-01 .2703E+00
.7330E+03 .1363E+01 .9409E+00 .5936E-01 .2776E+00
.7340E+03 .1378E+01 .9577E+00 .6018E-01 .2823E+00
.7350E+03 .1358E+01 .9419E+00 .5921E-01 .2777E+00
.7360E+03 .1352E+01 .9413E+00 .5903E-01 .2773E+00
.7370E+03 .1362E+01 .9469E+00 .5937E-01 .2790E+00
.7380E+03 .1340E+01 .9495E+00 .5891E-01 .2791E+00
.7390E+03 .1317E+01 .9344E+00 .5787E-01 .2746E+00
.7400E+03 .1336E+01 .9528E+00 .5883E-01 .2798E+00
.7410E+03 .1315E+01 .9396E+00 .5786E-01 .2758E+00
.7420E+03 .1309E+01 .9386E+00 .5760E-01 .2753E+00
.7430E+03 .1340E+01 .9619E+00 .5890E-01 .2820E+00
.7440E+03 .1331E+01 .9576E+00 .5849E-01 .2806E+00
.7450E+03 .1328E+01 .9567E+00 .5827E-01 .2801E+00
.7460E+03 .1334E+01 .9617E+00 .5845E-01 .2815E+00
.7470E+03 .1336E+01 .9641E+00 .5845E-01 .2820E+00
.7480E+03 .1333E+01 .9628E+00 .5824E-01 .2815E+00
.7490E+03 .1318E+01 .9526E+00 .5750E-01 .2784E+00
.7500E+03 .1317E+01 .9530E+00 .5743E-01 .2784E+00
.7510E+03 .1303E+01 .9443E+00 .5681E-01 .2758E+00
.7520E+03 .1309E+01 .9494E+00 .5702E-01 .2772E+00
.7530E+03 .1315E+01 .9552E+00 .5727E-01 .2788E+00
.7540E+03 .1318E+01 .9585E+00 .5737E-01 .2797E+00
.7550E+03 .1311E+01 .9540E+00 .5698E-01 .2782E+00
.7560E+03 .1310E+01 .9542E+00 .5687E-01 .2782E+00
.7570E+03 .1312E+01 .9564E+00 .5687E-01 .2787E+00
.7580E+03 .1296E+01 .9450E+00 .5608E-01 .2752E+00
.7590E+03 .1292E+01 .9165E+00 .5500E-01 .2676E+00
.7600E+03 .1292E+01 .4050E-01 .1351E-01 .2290E-01
.7610E+03 .1288E+01 .1318E-01 .8429E-02 .1148E-01
.7620E+03 .1265E+01 .2919E+00 .3122E-01 .9892E-01
.7630E+03 .1289E+01 .8536E-01 .1836E-01 .3815E-01
.7640E+03 .1282E+01 .1755E+00 .2494E-01 .6565E-01
.7650E+03 .1268E+01 .2915E+00 .3102E-01 .9863E-01
.7660E+03 .1216E+01 .4293E+00 .3620E-01 .1358E+00
.7670E+03 .1258E+01 .6277E+00 .4408E-01 .1897E+00
.7680E+03 .1263E+01 .8033E+00 .4977E-01 .2361E+00
.7690E+03 .1251E+01 .8392E+00 .5050E-01 .2451E+00
.7700E+03 .1251E+01 .8900E+00 .5189E-01 .2583E+00
.7710E+03 .1242E+01 .9075E+00 .5209E-01 .2626E+00
.7720E+03 .1239E+01 .9130E+00 .5204E-01 .2638E+00
.7730E+03 .1246E+01 .9207E+00 .5225E-01 .2658E+00
.7740E+03 .1239E+01 .9174E+00 .5183E-01 .2646E+00
.7750E+03 .1229E+01 .9113E+00 .5126E-01 .2626E+00
.7760E+03 .1243E+01 .9231E+00 .5172E-01 .2658E+00
.7770E+03 .1227E+01 .9114E+00 .5088E-01 .2623E+00
.7780E+03 .1220E+01 .9064E+00 .5043E-01 .2607E+00
.7790E+03 .1221E+01 .9078E+00 .5035E-01 .2609E+00
.7800E+03 .1213E+01 .9034E+00 .4996E-01 .2595E+00
.7810E+03 .1214E+01 .9051E+00 .4992E-01 .2598E+00
.7820E+03 .1222E+01 .9118E+00 .5017E-01 .2616E+00
.7830E+03 .1200E+01 .8969E+00 .4924E-01 .2572E+00
.7840E+03 .1205E+01 .9022E+00 .4941E-01 .2586E+00
.7850E+03 .1198E+01 .8976E+00 .4906E-01 .2572E+00
.7860E+03 .1212E+01 .9092E+00 .4959E-01 .2605E+00
.7870E+03 .1207E+01 .9009E+00 .4918E-01 .2581E+00
.7880E+03 .1201E+01 .8940E+00 .4878E-01 .2561E+00
.7890E+03 .1207E+01 .8993E+00 .4890E-01 .2575E+00
.7900E+03 .1205E+01 .8843E+00 .4833E-01 .2534E+00
.7910E+03 .1189E+01 .8849E+00 .4791E-01 .2531E+00
.7920E+03 .1177E+01 .8778E+00 .4738E-01 .2510E+00
.7930E+03 .1162E+01 .8658E+00 .4663E-01 .2474E+00
.7940E+03 .1148E+01 .8671E+00 .4637E-01 .2475E+00
.7950E+03 .1175E+01 .8858E+00 .4729E-01 .2527E+00
.7960E+03 .1179E+01 .8734E+00 .4690E-01 .2495E+00
.7970E+03 .1178E+01 .8752E+00 .4685E-01 .2498E+00
.7980E+03 .1177E+01 .8886E+00 .4708E-01 .2532E+00
.7990E+03 .1178E+01 .8869E+00 .4693E-01 .2526E+00
.8000E+03 .1168E+01 .8767E+00 .4633E-01 .2497E+00
.8010E+03 .1171E+01 .8753E+00 .4626E-01 .2493E+00
.8020E+03 .1166E+01 .8731E+00 .4600E-01 .2485E+00
.8030E+03 .1161E+01 .8687E+00 .4567E-01 .2471E+00
.8040E+03 .1159E+01 .8689E+00 .4552E-01 .2470E+00
.8050E+03 .1144E+01 .8626E+00 .4495E-01 .2450E+00
.8060E+03 .1160E+01 .8818E+00 .4562E-01 .2501E+00
.8070E+03 .1150E+01 .8733E+00 .4508E-01 .2476E+00
.8080E+03 .1148E+01 .8727E+00 .4489E-01 .2473E+00
.8090E+03 .1139E+01 .8611E+00 .4428E-01 .2440E+00
.8100E+03 .1142E+01 .8621E+00 .4419E-01 .2441E+00
.8110E+03 .1153E+01 .8654E+00 .4438E-01 .2451E+00
.8120E+03 .1154E+01 .8515E+00 .4386E-01 .2413E+00
.8130E+03 .1156E+01 .8421E+00 .4348E-01 .2388E+00
.8140E+03 .1149E+01 .7808E+00 .4140E-01 .2225E+00
.8150E+03 .1143E+01 .7778E+00 .4108E-01 .2215E+00
.8160E+03 .1141E+01 .7689E+00 .3998E-01 .2183E+00
.8170E+03 .1137E+01 .7649E+00 .3975E-01 .2172E+00
.8180E+03 .1114E+01 .7445E+00 .3875E-01 .2114E+00
.8190E+03 .1108E+01 .7780E+00 .3984E-01 .2203E+00
.8200E+03 .1101E+01 .7558E+00 .3882E-01 .2141E+00
.8210E+03 .1100E+01 .8199E+00 .4108E-01 .2312E+00
.8220E+03 .1102E+01 .8142E+00 .4074E-01 .2296E+00
.8230E+03 .1113E+01 .6440E+00 .3535E-01 .1847E+00
.8240E+03 .1110E+01 .8111E+00 .4067E-01 .2288E+00
.8250E+03 .1107E+01 .8206E+00 .4075E-01 .2311E+00
.8260E+03 .1115E+01 .8004E+00 .4031E-01 .2259E+00
.8270E+03 .1113E+01 .8327E+00 .4114E-01 .2343E+00
.8280E+03 .1107E+01 .7640E+00 .3866E-01 .2158E+00
.8290E+03 .1100E+01 .8044E+00 .3982E-01 .2264E+00
.8300E+03 .1097E+01 .8045E+00 .3970E-01 .2263E+00
.8310E+03 .1090E+01 .8025E+00 .3951E-01 .2256E+00
.8320E+03 .1093E+01 .7935E+00 .3913E-01 .2232E+00
.8330E+03 .1059E+01 .7965E+00 .3892E-01 .2237E+00
.8340E+03 .1064E+01 .7826E+00 .3854E-01 .2200E+00
.8350E+03 .1081E+01 .8306E+00 .4002E-01 .2326E+00
.8360E+03 .1086E+01 .8127E+00 .3953E-01 .2280E+00
.8370E+03 .1081E+01 .8327E+00 .3988E-01 .2330E+00
.8380E+03 .1064E+01 .8144E+00 .3904E-01 .2279E+00
.8390E+03 .1061E+01 .8197E+00 .3904E-01 .2292E+00
.8400E+03 .1079E+01 .8361E+00 .3966E-01 .2336E+00
.8410E+03 .1073E+01 .8280E+00 .3925E-01 .2313E+00
.8420E+03 .1063E+01 .8252E+00 .3891E-01 .2303E+00
.8430E+03 .1051E+01 .8204E+00 .3846E-01 .2287E+00
.8440E+03 .1044E+01 .8130E+00 .3805E-01 .2266E+00
.8450E+03 .1069E+01 .8358E+00 .3895E-01 .2328E+00
.8460E+03 .1062E+01 .8319E+00 .3863E-01 .2316E+00
.8470E+03 .1039E+01 .8149E+00 .3770E-01 .2267E+00
.8480E+03 .1038E+01 .8124E+00 .3751E-01 .2259E+00
.8490E+03 .1008E+01 .7896E+00 .3635E-01 .2195E+00
.8500E+03 .9651E+00 .7562E+00 .3469E-01 .2101E+00
.8510E+03 .1028E+01 .8029E+00 .3677E-01 .2230E+00
.8520E+03 .1018E+01 .7969E+00 .3634E-01 .2212E+00
.8530E+03 .9752E+00 .7650E+00 .3475E-01 .2122E+00
.8540E+03 .8461E+00 .6629E+00 .3006E-01 .1838E+00
.8550E+03 .9238E+00 .7259E+00 .3281E-01 .2012E+00
.8560E+03 .1012E+01 .7953E+00 .3587E-01 .2203E+00
.8570E+03 .1031E+01 .8117E+00 .3651E-01 .2248E+00
.8580E+03 .1025E+01 .8070E+00 .3623E-01 .2234E+00
.8590E+03 .1023E+01 .8075E+00 .3615E-01 .2234E+00
.8600E+03 .1024E+01 .8087E+00 .3612E-01 .2237E+00
.8610E+03 .1019E+01 .8052E+00 .3590E-01 .2226E+00
.8620E+03 .1034E+01 .8180E+00 .3639E-01 .2261E+00
.8630E+03 .1058E+01 .8379E+00 .3721E-01 .2315E+00
.8640E+03 .1005E+01 .7967E+00 .3530E-01 .2201E+00
.8650E+03 .9959E+00 .7902E+00 .3493E-01 .2182E+00
.8660E+03 .8954E+00 .7109E+00 .3136E-01 .1962E+00
.8670E+03 .9343E+00 .7423E+00 .3267E-01 .2048E+00
.8680E+03 .1017E+01 .8083E+00 .3549E-01 .2230E+00
.8690E+03 .9952E+00 .7920E+00 .3469E-01 .2184E+00
.8700E+03 .1023E+01 .8151E+00 .3562E-01 .2247E+00
.8710E+03 .1010E+01 .8045E+00 .3507E-01 .2217E+00
.8720E+03 .1006E+01 .8020E+00 .3488E-01 .2209E+00
.8730E+03 .1004E+01 .8008E+00 .3474E-01 .2205E+00
.8740E+03 .9917E+00 .7917E+00 .3426E-01 .2179E+00
.8750E+03 .9719E+00 .7762E+00 .3351E-01 .2135E+00
.8760E+03 .9823E+00 .7848E+00 .3379E-01 .2158E+00
.8770E+03 .9918E+00 .7928E+00 .3405E-01 .2179E+00
.8780E+03 .1004E+01 .8024E+00 .3438E-01 .2205E+00
.8790E+03 .9879E+00 .7902E+00 .3377E-01 .2170E+00
.8800E+03 .9666E+00 .7735E+00 .3297E-01 .2124E+00
.8810E+03 .9549E+00 .7636E+00 .3248E-01 .2096E+00
.8820E+03 .9761E+00 .7805E+00 .3312E-01 .2141E+00
.8830E+03 .9773E+00 .7827E+00 .3310E-01 .2146E+00
.8840E+03 .9734E+00 .7795E+00 .3289E-01 .2137E+00
.8850E+03 .9806E+00 .7856E+00 .3306E-01 .2152E+00
.8860E+03 .9440E+00 .7529E+00 .3167E-01 .2063E+00
.8870E+03 .9473E+00 .7587E+00 .3177E-01 .2077E+00
.8880E+03 .9679E+00 .7737E+00 .3234E-01 .2118E+00
.8890E+03 .9682E+00 .7773E+00 .3236E-01 .2126E+00
.8900E+03 .9710E+00 .7761E+00 .3230E-01 .2123E+00
.8910E+03 .9637E+00 .7734E+00 .3206E-01 .2114E+00
.8920E+03 .9483E+00 .7556E+00 .3137E-01 .2066E+00
.8930E+03 .9426E+00 .7403E+00 .3085E-01 .2025E+00
.8940E+03 .9449E+00 .7270E+00 .3051E-01 .1991E+00
.8950E+03 .9411E+00 .7052E+00 .2988E-01 .1934E+00
.8960E+03 .9550E+00 .7052E+00 .2966E-01 .1932E+00
.8970E+03 .9406E+00 .6530E+00 .2789E-01 .1793E+00
.8980E+03 .9445E+00 .6716E+00 .2850E-01 .1843E+00
.8990E+03 .9418E+00 .5452E+00 .2491E-01 .1514E+00
.9000E+03 .9202E+00 .6625E+00 .2784E-01 .1815E+00
.9010E+03 .8886E+00 .5909E+00 .2543E-01 .1625E+00
.9020E+03 .8977E+00 .6147E+00 .2621E-01 .1688E+00
.9030E+03 .9318E+00 .6357E+00 .2710E-01 .1745E+00
.9040E+03 .9411E+00 .7341E+00 .2989E-01 .2001E+00
.9050E+03 .9384E+00 .7204E+00 .2942E-01 .1965E+00
.9060E+03 .9167E+00 .6874E+00 .2819E-01 .1876E+00
.9070E+03 .9242E+00 .6083E+00 .2593E-01 .1670E+00
.9080E+03 .9079E+00 .6247E+00 .2617E-01 .1710E+00
.9090E+03 .8894E+00 .6394E+00 .2646E-01 .1747E+00
.9100E+03 .9070E+00 .5960E+00 .2581E-01 .1640E+00
.9110E+03 .9022E+00 .6114E+00 .2606E-01 .1679E+00
.9120E+03 .9035E+00 .6399E+00 .2646E-01 .1749E+00
.9130E+03 .9233E+00 .6055E+00 .2610E-01 .1665E+00
.9140E+03 .9124E+00 .6216E+00 .2584E-01 .1700E+00
.9150E+03 .9048E+00 .6322E+00 .2654E-01 .1732E+00
.9160E+03 .9088E+00 .5939E+00 .2479E-01 .1625E+00
.9170E+03 .8959E+00 .6535E+00 .2678E-01 .1784E+00
.9180E+03 .9003E+00 .6052E+00 .2506E-01 .1654E+00
.9190E+03 .9034E+00 .6611E+00 .2688E-01 .1802E+00
.9200E+03 .8923E+00 .6773E+00 .2677E-01 .1838E+00
.9210E+03 .8700E+00 .6690E+00 .2653E-01 .1817E+00
.9220E+03 .8667E+00 .6267E+00 .2545E-01 .1708E+00
.9230E+03 .8429E+00 .6474E+00 .2556E-01 .1757E+00
.9240E+03 .8695E+00 .6395E+00 .2572E-01 .1740E+00
.9250E+03 .8693E+00 .6309E+00 .2541E-01 .1717E+00
.9260E+03 .8583E+00 .6333E+00 .2532E-01 .1722E+00
.9270E+03 .8856E+00 .6838E+00 .2673E-01 .1853E+00
.9280E+03 .8870E+00 .5773E+00 .2428E-01 .1582E+00
.9290E+03 .8752E+00 .5425E+00 .2330E-01 .1491E+00
.9300E+03 .8798E+00 .4838E+00 .2165E-01 .1338E+00
.9310E+03 .8798E+00 .4464E+00 .2005E-01 .1236E+00
.9320E+03 .8751E+00 .3652E+00 .1737E-01 .1021E+00
.9330E+03 .8784E+00 .3271E+00 .1640E-01 .9225E-01
.9340E+03 .8763E+00 .2456E+00 .1385E-01 .7081E-01
.9350E+03 .8659E+00 .3228E+00 .1542E-01 .9029E-01
.9360E+03 .8617E+00 .2397E+00 .1266E-01 .6825E-01
.9370E+03 .8678E+00 .2554E+00 .1370E-01 .7293E-01
.9380E+03 .8671E+00 .2938E+00 .1507E-01 .8320E-01
.9390E+03 .8609E+00 .4415E+00 .1931E-01 .1217E+00
.9400E+03 .8507E+00 .4970E+00 .2095E-01 .1362E+00
.9410E+03 .8198E+00 .4164E+00 .1851E-01 .1151E+00
.9420E+03 .8369E+00 .4539E+00 .1936E-01 .1246E+00
.9430E+03 .8471E+00 .3471E+00 .1578E-01 .9627E-01
.9440E+03 .8357E+00 .3399E+00 .1511E-01 .9394E-01
.9450E+03 .8441E+00 .4239E+00 .1865E-01 .1170E+00
.9460E+03 .8471E+00 .2717E+00 .1351E-01 .7652E-01
.9470E+03 .8490E+00 .4326E+00 .1906E-01 .1194E+00
.9480E+03 .8497E+00 .3414E+00 .1580E-01 .9497E-01
.9490E+03 .8490E+00 .5397E+00 .2190E-01 .1471E+00
.9500E+03 .8430E+00 .2425E+00 .1260E-01 .6884E-01
.9510E+03 .8384E+00 .5236E+00 .2121E-01 .1427E+00
.9520E+03 .8391E+00 .3551E+00 .1606E-01 .9842E-01
.9530E+03 .8315E+00 .4022E+00 .1774E-01 .1110E+00
.9540E+03 .8060E+00 .4457E+00 .1854E-01 .1219E+00
.9550E+03 .7924E+00 .4150E+00 .1740E-01 .1136E+00
.9560E+03 .8259E+00 .3802E+00 .1691E-01 .1051E+00
.9570E+03 .8195E+00 .3724E+00 .1630E-01 .1027E+00
.9580E+03 .8284E+00 .4687E+00 .1876E-01 .1275E+00
.9590E+03 .8292E+00 .4227E+00 .1785E-01 .1159E+00
.9600E+03 .8175E+00 .4597E+00 .1900E-01 .1256E+00
.9610E+03 .8214E+00 .4847E+00 .1946E-01 .1319E+00
.9620E+03 .8144E+00 .4694E+00 .1897E-01 .1278E+00
.9630E+03 .8104E+00 .5109E+00 .1989E-01 .1384E+00
.9640E+03 .8101E+00 .4789E+00 .1902E-01 .1301E+00
.9650E+03 .8069E+00 .5016E+00 .1942E-01 .1358E+00
.9660E+03 .8003E+00 .5327E+00 .1992E-01 .1435E+00
.9670E+03 .8073E+00 .5402E+00 .2013E-01 .1454E+00
.9680E+03 .8061E+00 .6065E+00 .2155E-01 .1622E+00
.9690E+03 .8056E+00 .6193E+00 .2207E-01 .1657E+00
.9700E+03 .8048E+00 .6031E+00 .2146E-01 .1613E+00
.9710E+03 .8023E+00 .6410E+00 .2228E-01 .1709E+00
.9720E+03 .8042E+00 .6181E+00 .2172E-01 .1651E+00
.9730E+03 .7957E+00 .5883E+00 .2094E-01 .1574E+00
.9740E+03 .7860E+00 .5499E+00 .2015E-01 .1477E+00
.9750E+03 .7955E+00 .5662E+00 .2024E-01 .1516E+00
.9760E+03 .7910E+00 .5598E+00 .2013E-01 .1500E+00
.9770E+03 .7893E+00 .6051E+00 .2100E-01 .1613E+00
.9780E+03 .7881E+00 .5876E+00 .2060E-01 .1569E+00
.9790E+03 .7815E+00 .5996E+00 .2080E-01 .1599E+00
.9800E+03 .7856E+00 .5854E+00 .2038E-01 .1561E+00
.9810E+03 .7898E+00 .6303E+00 .2154E-01 .1677E+00
.9820E+03 .7871E+00 .6134E+00 .2115E-01 .1634E+00
.9830E+03 .7814E+00 .5961E+00 .2070E-01 .1590E+00
.9840E+03 .7804E+00 .6368E+00 .2141E-01 .1691E+00
.9850E+03 .7810E+00 .6100E+00 .2089E-01 .1624E+00
.9860E+03 .7752E+00 .6432E+00 .2137E-01 .1705E+00
.9870E+03 .7737E+00 .6355E+00 .2118E-01 .1686E+00
.9880E+03 .7747E+00 .6350E+00 .2114E-01 .1684E+00
.9890E+03 .7625E+00 .6362E+00 .2095E-01 .1685E+00
.9900E+03 .7657E+00 .6301E+00 .2084E-01 .1670E+00
.9910E+03 .7670E+00 .6390E+00 .2092E-01 .1691E+00
.9920E+03 .7694E+00 .6418E+00 .2098E-01 .1698E+00
.9930E+03 .7673E+00 .6343E+00 .2080E-01 .1679E+00
.9940E+03 .7673E+00 .6412E+00 .2087E-01 .1696E+00
.9950E+03 .7639E+00 .6395E+00 .2077E-01 .1691E+00
.9960E+03 .7633E+00 .6387E+00 .2072E-01 .1688E+00
.9970E+03 .7630E+00 .6390E+00 .2070E-01 .1689E+00
.9980E+03 .7604E+00 .6363E+00 .2059E-01 .1682E+00
.9990E+03 .7569E+00 .6342E+00 .2047E-01 .1676E+00
.1000E+04 .7559E+00 .6320E+00 .2039E-01 .1670E+00
.1001E+04 .7605E+00 .6378E+00 .2050E-01 .1684E+00
.1002E+04 .7572E+00 .6274E+00 .2026E-01 .1658E+00
.1003E+04 .7482E+00 .6275E+00 .2010E-01 .1656E+00
.1004E+04 .7344E+00 .6138E+00 .1967E-01 .1620E+00
.1005E+04 .7012E+00 .5891E+00 .1879E-01 .1554E+00
.1006E+04 .7322E+00 .6139E+00 .1957E-01 .1619E+00
.1007E+04 .7456E+00 .6260E+00 .1991E-01 .1651E+00
.1008E+04 .7451E+00 .6246E+00 .1984E-01 .1647E+00
.1009E+04 .7447E+00 .6226E+00 .1977E-01 .1642E+00
.1010E+04 .7436E+00 .6211E+00 .1969E-01 .1637E+00
.1011E+04 .7414E+00 .6232E+00 .1967E-01 .1642E+00
.1012E+04 .7387E+00 .6196E+00 .1954E-01 .1632E+00
.1013E+04 .7387E+00 .6216E+00 .1954E-01 .1637E+00
.1014E+04 .7335E+00 .6173E+00 .1937E-01 .1625E+00
.1015E+04 .7293E+00 .6138E+00 .1923E-01 .1616E+00
.1016E+04 .7265E+00 .6111E+00 .1912E-01 .1609E+00
.1017E+04 .7288E+00 .6132E+00 .1915E-01 .1614E+00
.1018E+04 .7240E+00 .6100E+00 .1900E-01 .1605E+00
.1019E+04 .7152E+00 .5999E+00 .1869E-01 .1578E+00
.1020E+04 .7212E+00 .6076E+00 .1886E-01 .1598E+00
.1021E+04 .7190E+00 .6064E+00 .1878E-01 .1594E+00
.1022E+04 .7158E+00 .6027E+00 .1865E-01 .1584E+00
.1023E+04 .7241E+00 .6096E+00 .1883E-01 .1602E+00
.1024E+04 .7216E+00 .6050E+00 .1869E-01 .1590E+00
.1025E+04 .7211E+00 .6082E+00 .1871E-01 .1598E+00
.1026E+04 .7197E+00 .6064E+00 .1863E-01 .1593E+00
.1027E+04 .7178E+00 .6051E+00 .1855E-01 .1589E+00
.1028E+04 .7169E+00 .6041E+00 .1850E-01 .1586E+00
.1029E+04 .7089E+00 .5973E+00 .1826E-01 .1568E+00
.1030E+04 .7113E+00 .6001E+00 .1830E-01 .1575E+00
.1031E+04 .7095E+00 .5984E+00 .1822E-01 .1570E+00
.1032E+04 .7066E+00 .5961E+00 .1812E-01 .1564E+00
.1033E+04 .6962E+00 .5873E+00 .1782E-01 .1540E+00
.1034E+04 .6960E+00 .5871E+00 .1779E-01 .1540E+00
.1035E+04 .6981E+00 .5889E+00 .1781E-01 .1544E+00
.1036E+04 .7025E+00 .5923E+00 .1789E-01 .1552E+00
.1037E+04 .6908E+00 .5818E+00 .1755E-01 .1525E+00
.1038E+04 .6941E+00 .5849E+00 .1761E-01 .1533E+00
.1039E+04 .6941E+00 .5846E+00 .1757E-01 .1532E+00
.1040E+04 .6914E+00 .5822E+00 .1747E-01 .1525E+00
.1041E+04 .6947E+00 .5847E+00 .1752E-01 .1531E+00
.1042E+04 .6900E+00 .5806E+00 .1737E-01 .1520E+00
.1043E+04 .6881E+00 .5788E+00 .1729E-01 .1515E+00
.1044E+04 .6909E+00 .5808E+00 .1733E-01 .1520E+00
.1045E+04 .6819E+00 .5729E+00 .1706E-01 .1499E+00
.1046E+04 .6748E+00 .5666E+00 .1685E-01 .1483E+00
.1047E+04 .6813E+00 .5716E+00 .1698E-01 .1496E+00
.1048E+04 .6855E+00 .5747E+00 .1705E-01 .1503E+00
.1049E+04 .6836E+00 .5717E+00 .1695E-01 .1495E+00
.1050E+04 .6810E+00 .5687E+00 .1685E-01 .1487E+00
