Wvlgth Extraterrestrial_spectrm Direct_normal_irradiance Difuse_horizn_irradiance Global_horizn_irradiance
.2800E+03 .7607E-01 .6290E-19 .3877E-19 .9258E-19
.2805E+03 .9919E-01 .1116E-17 .6316E-18 .1586E-17
.2810E+03 .1664E+00 .5101E-17 .2723E-17 .7087E-17
.2815E+03 .2337E+00 .8945E-16 .4392E-16 .1204E-15
.2820E+03 .2827E+00 .5193E-15 .2385E-15 .6826E-15
.2825E+03 .3046E+00 .1606E-14 .6953E-15 .2069E-14
.2830E+03 .3325E+00 .5586E-14 .2273E-14 .7051E-14
.2835E+03 .3125E+00 .9325E-14 .3595E-14 .1157E-13
.2840E+03 .3113E+00 .1278E-12 .4562E-13 .1549E-12
.2845E+03 .2438E+00 .3420E-12 .2489E-12 .5414E-12
.2850E+03 .1149E+00 .5975E-12 .4607E-12 .9718E-12
.2855E+03 .1335E+00 .3235E-11 .2731E-11 .5498E-11
.2860E+03 .2915E+00 .1331E-10 .1136E-10 .2275E-10
.2865E+03 .3472E+00 .5694E-10 .5300E-10 .1017E-09
.2870E+03 .3663E+00 .1552E-09 .1538E-09 .2866E-09
.2875E+03 .3667E+00 .5328E-09 .5960E-09 .1052E-08
.2880E+03 .2428E+00 .1676E-08 .1327E-08 .2760E-08
.2885E+03 .3479E+00 .5555E-08 .4491E-08 .9243E-08
.2890E+03 .4073E+00 .1529E-07 .1270E-07 .2578E-07
.2895E+03 .4762E+00 .4593E-07 .3995E-07 .7924E-07
.2900E+03 .5989E+00 .1245E-06 .1115E-06 .2180E-06
.2905E+03 .6262E+00 .2489E-06 .2270E-06 .4399E-06
.2910E+03 .5912E+00 .5108E-06 .4874E-06 .9243E-06
.2915E+03 .5837E+00 .1345E-05 .1226E-05 .2377E-05
.2920E+03 .5554E+00 .2853E-05 .2568E-05 .5009E-05
.2925E+03 .4814E+00 .3906E-05 .3331E-05 .6672E-05
.2930E+03 .5499E+00 .7952E-05 .6477E-05 .1328E-04
.2935E+03 .5585E+00 .1774E-04 .1408E-04 .2926E-04
.2940E+03 .4886E+00 .2662E-04 .1975E-04 .4251E-04
.2945E+03 .5269E+00 .4303E-04 .3810E-04 .7491E-04
.2950E+03 .5003E+00 .6770E-04 .6416E-04 .1221E-03
.2955E+03 .5644E+00 .1424E-03 .1006E-03 .2224E-03
.2960E+03 .6021E+00 .2344E-03 .1731E-03 .3735E-03
.2965E+03 .4776E+00 .2799E-03 .2163E-03 .4557E-03
.2970E+03 .4112E+00 .3328E-03 .2665E-03 .5512E-03
.2975E+03 .5794E+00 .7366E-03 .6245E-03 .1255E-02
.2980E+03 .5407E+00 .9919E-03 .8820E-03 .1730E-02
.2985E+03 .3673E+00 .8850E-03 .8156E-03 .1573E-02
.2990E+03 .5592E+00 .1736E-02 .1656E-02 .3141E-02
.2995E+03 .5055E+00 .2342E-02 .2380E-02 .4383E-02
.3000E+03 .4039E+00 .2358E-02 .2482E-02 .4499E-02
.3005E+03 .4257E+00 .3051E-02 .3315E-02 .5924E-02
.3010E+03 .4789E+00 .4619E-02 .5296E-02 .9246E-02
.3015E+03 .5134E+00 .6314E-02 .7512E-02 .1291E-01
.3020E+03 .3629E+00 .5032E-02 .5902E-02 .1021E-01
.3025E+03 .5272E+00 .8996E-02 .1036E-01 .1806E-01
.3030E+03 .6561E+00 .1442E-01 .1627E-01 .2860E-01
.3035E+03 .6677E+00 .1697E-01 .1909E-01 .3361E-01
.3040E+03 .5595E+00 .1531E-01 .1713E-01 .3023E-01
.3045E+03 .6284E+00 .2033E-01 .2275E-01 .4014E-01
.3050E+03 .6524E+00 .2621E-01 .2946E-01 .5188E-01
.3055E+03 .5938E+00 .2724E-01 .3063E-01 .5393E-01
.3060E+03 .5257E+00 .2549E-01 .2855E-01 .5036E-01
.3065E+03 .5679E+00 .2992E-01 .3344E-01 .5903E-01
.3070E+03 .6246E+00 .3873E-01 .4353E-01 .7666E-01
.3075E+03 .6317E+00 .4541E-01 .5130E-01 .9014E-01
.3080E+03 .6363E+00 .4723E-01 .5311E-01 .9351E-01
.3085E+03 .6595E+00 .5261E-01 .6677E-01 .1118E+00
.3090E+03 .5448E+00 .4601E-01 .5748E-01 .9684E-01
.3095E+03 .4977E+00 .4889E-01 .5930E-01 .1011E+00
.3100E+03 .4507E+00 .4754E-01 .5674E-01 .9740E-01
.3105E+03 .6927E+00 .7597E-01 .8964E-01 .1546E+00
.3110E+03 .7985E+00 .9273E-01 .1080E+00 .1873E+00
.3115E+03 .7410E+00 .8861E-01 .1022E+00 .1780E+00
.3120E+03 .6222E+00 .8294E-01 .9408E-01 .1650E+00
.3125E+03 .6753E+00 .9670E-01 .1083E+00 .1911E+00
.3130E+03 .6894E+00 .1028E+00 .1141E+00 .2020E+00
.3135E+03 .7031E+00 .1025E+00 .1132E+00 .2009E+00
.3140E+03 .7690E+00 .1214E+00 .1325E+00 .2363E+00
.3145E+03 .5747E+00 .1001E+00 .1080E+00 .1937E+00
.3150E+03 .7307E+00 .1303E+00 .1397E+00 .2511E+00
.3155E+03 .6593E+00 .1135E+00 .1210E+00 .2182E+00
.3160E+03 .5022E+00 .9346E-01 .9878E-01 .1787E+00
.3165E+03 .6426E+00 .1276E+00 .1339E+00 .2430E+00
.3170E+03 .7974E+00 .1591E+00 .1657E+00 .3018E+00
.3175E+03 .8530E+00 .1686E+00 .1745E+00 .3188E+00
.3180E+03 .6149E+00 .1271E+00 .1307E+00 .2395E+00
.3185E+03 .6613E+00 .1475E+00 .1510E+00 .2772E+00
.3190E+03 .7301E+00 .1695E+00 .1726E+00 .3176E+00
.3195E+03 .6621E+00 .1467E+00 .1481E+00 .2736E+00
.3200E+03 .8109E+00 .1792E+00 .1797E+00 .3330E+00
.3205E+03 .8800E+00 .2092E+00 .2090E+00 .3880E+00
.3210E+03 .6933E+00 .1752E+00 .1745E+00 .3244E+00
.3215E+03 .6544E+00 .1674E+00 .1658E+00 .3090E+00
.3220E+03 .7898E+00 .1917E+00 .1879E+00 .3519E+00
.3225E+03 .6800E+00 .1665E+00 .1622E+00 .3047E+00
.3230E+03 .6204E+00 .1589E+00 .1542E+00 .2901E+00
.3235E+03 .6621E+00 .1813E+00 .1874E+00 .3425E+00
.3240E+03 .7574E+00 .2105E+00 .2167E+00 .3968E+00
.3245E+03 .8013E+00 .2191E+00 .2228E+00 .4102E+00
.3250E+03 .7601E+00 .2005E+00 .1898E+00 .3613E+00
.3255E+03 .9125E+00 .2491E+00 .2492E+00 .4623E+00
.3260E+03 .1020E+01 .2913E+00 .2929E+00 .5421E+00
.3265E+03 .9665E+00 .2845E+00 .2867E+00 .5300E+00
.3270E+03 .9783E+00 .2872E+00 .2869E+00 .5326E+00
.3275E+03 .9656E+00 .2818E+00 .2787E+00 .5198E+00
.3280E+03 .9239E+00 .2612E+00 .2540E+00 .4774E+00
.3285E+03 .8854E+00 .2628E+00 .2573E+00 .4822E+00
.3290E+03 .9928E+00 .3048E+00 .2995E+00 .5602E+00
.3295E+03 .1104E+01 .3433E+00 .3363E+00 .6300E+00
.3300E+03 .1127E+01 .3500E+00 .3401E+00 .6395E+00
.3305E+03 .9429E+00 .2883E+00 .2764E+00 .5230E+00
.3310E+03 .9744E+00 .2971E+00 .2823E+00 .5365E+00
.3315E+03 .9516E+00 .2966E+00 .2819E+00 .5356E+00
.3320E+03 .9754E+00 .3123E+00 .2976E+00 .5647E+00
.3325E+03 .9425E+00 .3058E+00 .2909E+00 .5525E+00
.3330E+03 .9492E+00 .3079E+00 .2905E+00 .5539E+00
.3335E+03 .8885E+00 .2852E+00 .2658E+00 .5097E+00
.3340E+03 .9131E+00 .2937E+00 .2718E+00 .5230E+00
.3345E+03 .1008E+01 .3317E+00 .3075E+00 .5912E+00
.3350E+03 .9247E+00 .3083E+00 .2854E+00 .5491E+00
.3355E+03 .1039E+01 .3498E+00 .3462E+00 .6453E+00
.3360E+03 .7171E+00 .2424E+00 .2388E+00 .4461E+00
.3365E+03 .8774E+00 .2956E+00 .2685E+00 .5213E+00
.3370E+03 .7297E+00 .2454E+00 .2210E+00 .4309E+00
.3375E+03 .9106E+00 .3069E+00 .2745E+00 .5370E+00
.3380E+03 .8594E+00 .2946E+00 .2636E+00 .5156E+00
.3385E+03 .9603E+00 .3320E+00 .3133E+00 .5973E+00
.3390E+03 .9510E+00 .3308E+00 .3067E+00 .5897E+00
.3395E+03 .9095E+00 .3177E+00 .2957E+00 .5675E+00
.3400E+03 .1099E+01 .3833E+00 .3355E+00 .6634E+00
.3405E+03 .9851E+00 .3456E+00 .3010E+00 .5967E+00
.3410E+03 .9347E+00 .3312E+00 .3012E+00 .5845E+00
.3415E+03 .8610E+00 .3071E+00 .2722E+00 .5349E+00
.3420E+03 .1028E+01 .3682E+00 .3232E+00 .6382E+00
.3425E+03 .9602E+00 .3458E+00 .3007E+00 .5965E+00
.3430E+03 .1051E+01 .3797E+00 .3320E+00 .6568E+00
.3435E+03 .9861E+00 .3572E+00 .3131E+00 .6186E+00
.3440E+03 .7431E+00 .2686E+00 .2462E+00 .4760E+00
.3445E+03 .7286E+00 .2656E+00 .2347E+00 .4619E+00
.3450E+03 .9677E+00 .3556E+00 .3046E+00 .6088E+00
.3455E+03 .9870E+00 .3647E+00 .3083E+00 .6202E+00
.3460E+03 .8377E+00 .3110E+00 .2602E+00 .5263E+00
.3465E+03 .9469E+00 .3531E+00 .2930E+00 .5951E+00
.3470E+03 .1012E+01 .3787E+00 .3151E+00 .6390E+00
.3475E+03 .8158E+00 .3063E+00 .2544E+00 .5164E+00
.3480E+03 .9305E+00 .3511E+00 .2871E+00 .5875E+00
.3485E+03 .9299E+00 .3523E+00 .2851E+00 .5864E+00
.3490E+03 .8606E+00 .3275E+00 .2632E+00 .5434E+00
.3495E+03 .8493E+00 .3246E+00 .2600E+00 .5377E+00
.3500E+03 .1048E+01 .4022E+00 .3203E+00 .6643E+00
.3505E+03 .1103E+01 .4249E+00 .3366E+00 .7001E+00
.3510E+03 .9832E+00 .3797E+00 .3005E+00 .6253E+00
.3515E+03 .9510E+00 .3681E+00 .2937E+00 .6086E+00
.3520E+03 .1021E+01 .3972E+00 .3127E+00 .6524E+00
.3525E+03 .7960E+00 .3110E+00 .2423E+00 .5083E+00
.3530E+03 .1001E+01 .3926E+00 .3035E+00 .6393E+00
.3535E+03 .1068E+01 .4205E+00 .3227E+00 .6824E+00
.3540E+03 .1108E+01 .4373E+00 .3333E+00 .7074E+00
.3545E+03 .1123E+01 .4445E+00 .3372E+00 .7174E+00
.3550E+03 .1117E+01 .4438E+00 .3355E+00 .7152E+00
.3555E+03 .1006E+01 .4018E+00 .3022E+00 .6459E+00
.3560E+03 .1051E+01 .4213E+00 .3152E+00 .6756E+00
.3565E+03 .8965E+00 .3605E+00 .2684E+00 .5768E+00
.3570E+03 .7403E+00 .2985E+00 .2212E+00 .4766E+00
.3575E+03 .9054E+00 .3662E+00 .2700E+00 .5833E+00
.3580E+03 .7166E+00 .2909E+00 .2133E+00 .4621E+00
.3585E+03 .6117E+00 .2491E+00 .1818E+00 .3948E+00
.3590E+03 .8547E+00 .3491E+00 .2537E+00 .5523E+00
.3595E+03 .1088E+01 .4456E+00 .3230E+00 .7041E+00
.3600E+03 .1152E+01 .4733E+00 .3412E+00 .7461E+00
.3605E+03 .9195E+00 .3790E+00 .2717E+00 .5959E+00
.3610E+03 .8365E+00 .3460E+00 .2467E+00 .5427E+00
.3615E+03 .9596E+00 .3986E+00 .2829E+00 .6238E+00
.3620E+03 .8267E+00 .3448E+00 .2437E+00 .5386E+00
.3625E+03 .1140E+01 .4774E+00 .3359E+00 .7443E+00
.3630E+03 .1021E+01 .4290E+00 .3006E+00 .6676E+00
.3635E+03 .9378E+00 .3955E+00 .2760E+00 .6143E+00
.3640E+03 .1144E+01 .4841E+00 .3364E+00 .7505E+00
.3645E+03 .9764E+00 .4144E+00 .2866E+00 .6410E+00
.3650E+03 .9928E+00 .4226E+00 .2910E+00 .6525E+00
.3655E+03 .1244E+01 .5310E+00 .3641E+00 .8183E+00
.3660E+03 .1315E+01 .5633E+00 .3846E+00 .8664E+00
.3665E+03 .1232E+01 .5297E+00 .3601E+00 .8132E+00
.3670E+03 .1198E+01 .5165E+00 .3495E+00 .7913E+00
.3675E+03 .1242E+01 .5366E+00 .3614E+00 .8205E+00
.3680E+03 .1085E+01 .4701E+00 .3152E+00 .7173E+00
.3685E+03 .1093E+01 .4750E+00 .3173E+00 .7236E+00
.3690E+03 .1178E+01 .5137E+00 .3418E+00 .7812E+00
.3695E+03 .1254E+01 .5485E+00 .3634E+00 .8326E+00
.3700E+03 .1334E+01 .5857E+00 .3864E+00 .8874E+00
.3705E+03 .1034E+01 .4552E+00 .2991E+00 .6884E+00
.3710E+03 .1102E+01 .4870E+00 .3187E+00 .7353E+00
.3715E+03 .1378E+01 .6102E+00 .3976E+00 .9195E+00
.3720E+03 .9135E+00 .4056E+00 .2631E+00 .6101E+00
.3725E+03 .1094E+01 .4870E+00 .3146E+00 .7311E+00
.3730E+03 .1110E+01 .4959E+00 .3191E+00 .7433E+00
.3735E+03 .7210E+00 .3230E+00 .2071E+00 .4834E+00
.3740E+03 .1046E+01 .4700E+00 .3000E+00 .7021E+00
.3745E+03 .8648E+00 .3897E+00 .2478E+00 .5812E+00
.3750E+03 .8397E+00 .3794E+00 .2402E+00 .5647E+00
.3755E+03 .1253E+01 .5672E+00 .3576E+00 .8429E+00
.3760E+03 .1037E+01 .4709E+00 .2957E+00 .6985E+00
.3765E+03 .1074E+01 .4888E+00 .3056E+00 .7237E+00
.3770E+03 .1135E+01 .5182E+00 .3227E+00 .7659E+00
.3775E+03 .1326E+01 .6071E+00 .3766E+00 .8959E+00
.3780E+03 .1437E+01 .6592E+00 .4073E+00 .9711E+00
.3785E+03 .1357E+01 .6242E+00 .3841E+00 .9180E+00
.3790E+03 .1120E+01 .5161E+00 .3162E+00 .7576E+00
.3795E+03 .1023E+01 .4723E+00 .2881E+00 .6921E+00
.3800E+03 .1063E+01 .4917E+00 .2988E+00 .7194E+00
.3805E+03 .1285E+01 .5962E+00 .3609E+00 .8709E+00
.3810E+03 .1285E+01 .5980E+00 .3607E+00 .8722E+00
.3815E+03 .1016E+01 .4743E+00 .2851E+00 .6908E+00
.3820E+03 .9005E+00 .4216E+00 .2524E+00 .6130E+00
.3825E+03 .7659E+00 .3596E+00 .2145E+00 .5221E+00
.3830E+03 .7078E+00 .3332E+00 .1980E+00 .4831E+00
.3835E+03 .6806E+00 .3212E+00 .1902E+00 .4650E+00
.3840E+03 .7499E+00 .3547E+00 .2092E+00 .5126E+00
.3845E+03 .1101E+01 .5223E+00 .3069E+00 .7537E+00
.3850E+03 .1091E+01 .5186E+00 .3035E+00 .7471E+00
.3855E+03 .1014E+01 .4835E+00 .2820E+00 .6955E+00
.3860E+03 .8674E+00 .4146E+00 .2409E+00 .5956E+00
.3865E+03 .1137E+01 .5452E+00 .3157E+00 .7820E+00
.3870E+03 .9444E+00 .4537E+00 .2617E+00 .6497E+00
.3875E+03 .1060E+01 .5102E+00 .2932E+00 .7296E+00
.3880E+03 .9773E+00 .4717E+00 .2700E+00 .6735E+00
.3885E+03 .9646E+00 .4667E+00 .2663E+00 .6655E+00
.3890E+03 .1040E+01 .5045E+00 .2867E+00 .7182E+00
.3895E+03 .1259E+01 .6117E+00 .3464E+00 .8696E+00
.3900E+03 .1261E+01 .6146E+00 .3468E+00 .8725E+00
.3905E+03 .1160E+01 .5663E+00 .3183E+00 .8027E+00
.3910E+03 .1363E+01 .6673E+00 .3738E+00 .9446E+00
.3915E+03 .1389E+01 .6815E+00 .3803E+00 .9632E+00
.3920E+03 .1169E+01 .5747E+00 .3195E+00 .8111E+00
.3925E+03 .1045E+01 .5150E+00 .2854E+00 .7259E+00
.3930E+03 .5807E+00 .2869E+00 .1584E+00 .4038E+00
.3935E+03 .4215E+00 .2087E+00 .1148E+00 .2934E+00
.3940E+03 .8568E+00 .4252E+00 .2331E+00 .5968E+00
.3945E+03 .1088E+01 .5411E+00 .2956E+00 .7585E+00
.3950E+03 .1326E+01 .6610E+00 .3598E+00 .9252E+00
.3955E+03 .1347E+01 .6723E+00 .3646E+00 .9396E+00
.3960E+03 .1166E+01 .5835E+00 .3153E+00 .8144E+00
.3965E+03 .6805E+00 .3414E+00 .1839E+00 .4759E+00
.3970E+03 .5101E+00 .2565E+00 .1377E+00 .3570E+00
.3975E+03 .1036E+01 .5221E+00 .2793E+00 .7259E+00
.3980E+03 .1451E+01 .7322E+00 .3901E+00 .1016E+01
.3985E+03 .1499E+01 .7576E+00 .4022E+00 .1050E+01
.3990E+03 .1619E+01 .8208E+00 .4344E+00 .1137E+01
.3995E+03 .1612E+01 .8190E+00 .4319E+00 .1132E+01
.4000E+03 .1674E+01 .8516E+00 .4474E+00 .1176E+01
.4010E+03 .1715E+01 .8760E+00 .4621E+00 .1211E+01
.4020E+03 .1804E+01 .9258E+00 .4852E+00 .1277E+01
.4030E+03 .1709E+01 .8809E+00 .4587E+00 .1212E+01
.4040E+03 .1680E+01 .8690E+00 .4494E+00 .1193E+01
.4050E+03 .1677E+01 .8705E+00 .4472E+00 .1192E+01
.4060E+03 .1645E+01 .8576E+00 .4378E+00 .1171E+01
.4070E+03 .1614E+01 .8451E+00 .4288E+00 .1152E+01
.4080E+03 .1676E+01 .8800E+00 .4434E+00 .1196E+01
.4090E+03 .1791E+01 .9435E+00 .4723E+00 .1279E+01
.4100E+03 .1561E+01 .8255E+00 .4106E+00 .1117E+01
.4110E+03 .1687E+01 .8955E+00 .4427E+00 .1209E+01
.4120E+03 .1806E+01 .9628E+00 .4731E+00 .1297E+01
.4130E+03 .1761E+01 .9409E+00 .4593E+00 .1264E+01
.4140E+03 .1778E+01 .9539E+00 .4628E+00 .1279E+01
.4150E+03 .1778E+01 .9575E+00 .4618E+00 .1281E+01
.4160E+03 .1804E+01 .9756E+00 .4678E+00 .1302E+01
.4170E+03 .1758E+01 .9533E+00 .4543E+00 .1270E+01
.4180E+03 .1723E+01 .9374E+00 .4439E+00 .1246E+01
.4190E+03 .1742E+01 .9510E+00 .4477E+00 .1261E+01
.4200E+03 .1733E+01 .9485E+00 .4438E+00 .1255E+01
.4210E+03 .1809E+01 .9938E+00 .4622E+00 .1312E+01
.4220E+03 .1717E+01 .9461E+00 .4374E+00 .1247E+01
.4230E+03 .1674E+01 .9256E+00 .4254E+00 .1217E+01
.4240E+03 .1769E+01 .9808E+00 .4480E+00 .1287E+01
.4250E+03 .1763E+01 .9804E+00 .4454E+00 .1284E+01
.4260E+03 .1711E+01 .9556E+00 .4318E+00 .1249E+01
.4270E+03 .1677E+01 .9391E+00 .4218E+00 .1225E+01
.4280E+03 .1633E+01 .9164E+00 .4092E+00 .1193E+01
.4290E+03 .1542E+01 .8686E+00 .3859E+00 .1129E+01
.4300E+03 .1347E+01 .7611E+00 .3362E+00 .9872E+00
.4310E+03 .1335E+01 .7560E+00 .3319E+00 .9786E+00
.4320E+03 .1719E+01 .9770E+00 .4267E+00 .1262E+01
.4330E+03 .1726E+01 .9836E+00 .4273E+00 .1269E+01
.4340E+03 .1602E+01 .9149E+00 .3951E+00 .1178E+01
.4350E+03 .1673E+01 .9572E+00 .4110E+00 .1230E+01
.4360E+03 .1879E+01 .1079E+01 .4611E+00 .1384E+01
.4370E+03 .1848E+01 .1065E+01 .4528E+00 .1364E+01
.4380E+03 .1679E+01 .9710E+00 .4106E+00 .1241E+01
.4390E+03 .1740E+01 .1007E+01 .4230E+00 .1284E+01
.4400E+03 .1792E+01 .1040E+01 .4346E+00 .1324E+01
.4410E+03 .1852E+01 .1079E+01 .4486E+00 .1371E+01
.4420E+03 .1984E+01 .1158E+01 .4793E+00 .1470E+01
.4430E+03 .1934E+01 .1131E+01 .4653E+00 .1433E+01
.4440E+03 .1972E+01 .1156E+01 .4732E+00 .1462E+01
.4450E+03 .1930E+01 .1134E+01 .4613E+00 .1431E+01
.4460E+03 .1836E+01 .1082E+01 .4384E+00 .1364E+01
.4470E+03 .1980E+01 .1170E+01 .4718E+00 .1473E+01
.4480E+03 .2014E+01 .1191E+01 .4774E+00 .1496E+01
.4490E+03 .2014E+01 .1196E+01 .4772E+00 .1500E+01
.4500E+03 .2066E+01 .1231E+01 .4886E+00 .1541E+01
.4510E+03 .2141E+01 .1278E+01 .5048E+00 .1598E+01
.4520E+03 .2060E+01 .1233E+01 .4844E+00 .1539E+01
.4530E+03 .1935E+01 .1161E+01 .4539E+00 .1447E+01
.4540E+03 .2016E+01 .1212E+01 .4719E+00 .1509E+01
.4550E+03 .2027E+01 .1221E+01 .4730E+00 .1518E+01
.4560E+03 .2073E+01 .1252E+01 .4824E+00 .1553E+01
.4570E+03 .2106E+01 .1274E+01 .4886E+00 .1579E+01
.4580E+03 .2036E+01 .1233E+01 .4703E+00 .1525E+01
.4590E+03 .2023E+01 .1228E+01 .4661E+00 .1517E+01
.4600E+03 .2028E+01 .1233E+01 .4657E+00 .1521E+01
.4610E+03 .2073E+01 .1263E+01 .4746E+00 .1555E+01
.4620E+03 .2085E+01 .1274E+01 .4764E+00 .1566E+01
.4630E+03 .2071E+01 .1267E+01 .4714E+00 .1555E+01
.4640E+03 .2031E+01 .1246E+01 .4617E+00 .1527E+01
.4650E+03 .2000E+01 .1231E+01 .4541E+00 .1507E+01
.4660E+03 .2016E+01 .1243E+01 .4568E+00 .1520E+01
.4670E+03 .1981E+01 .1223E+01 .4469E+00 .1493E+01
.4680E+03 .2003E+01 .1239E+01 .4507E+00 .1511E+01
.4690E+03 .2013E+01 .1247E+01 .4517E+00 .1519E+01
.4700E+03 .1949E+01 .1209E+01 .4359E+00 .1470E+01
.4710E+03 .1945E+01 .1209E+01 .4338E+00 .1468E+01
.4720E+03 .2050E+01 .1276E+01 .4556E+00 .1547E+01
.4730E+03 .2024E+01 .1262E+01 .4484E+00 .1528E+01
.4740E+03 .2030E+01 .1266E+01 .4477E+00 .1531E+01
.4750E+03 .2052E+01 .1281E+01 .4505E+00 .1546E+01
.4760E+03 .1995E+01 .1246E+01 .4362E+00 .1502E+01
.4770E+03 .2004E+01 .1253E+01 .4363E+00 .1508E+01
.4780E+03 .2056E+01 .1288E+01 .4466E+00 .1549E+01
.4790E+03 .2039E+01 .1280E+01 .4418E+00 .1537E+01
.4800E+03 .2038E+01 .1282E+01 .4406E+00 .1537E+01
.4810E+03 .2070E+01 .1306E+01 .4469E+00 .1564E+01
.4820E+03 .2075E+01 .1312E+01 .4473E+00 .1570E+01
.4830E+03 .2044E+01 .1296E+01 .4402E+00 .1549E+01
.4840E+03 .1999E+01 .1270E+01 .4296E+00 .1516E+01
.4850E+03 .1902E+01 .1211E+01 .4079E+00 .1443E+01
.4860E+03 .1660E+01 .1059E+01 .3553E+00 .1261E+01
.4870E+03 .1737E+01 .1110E+01 .3710E+00 .1320E+01
.4880E+03 .1905E+01 .1219E+01 .4057E+00 .1448E+01
.4890E+03 .1913E+01 .1225E+01 .4058E+00 .1453E+01
.4900E+03 .2009E+01 .1289E+01 .4254E+00 .1528E+01
.4910E+03 .1971E+01 .1267E+01 .4168E+00 .1501E+01
.4920E+03 .1861E+01 .1198E+01 .3924E+00 .1417E+01
.4930E+03 .1921E+01 .1239E+01 .4040E+00 .1463E+01
.4940E+03 .1939E+01 .1252E+01 .4067E+00 .1478E+01
.4950E+03 .1955E+01 .1264E+01 .4089E+00 .1490E+01
.4960E+03 .1966E+01 .1273E+01 .4101E+00 .1499E+01
.4970E+03 .1996E+01 .1294E+01 .4153E+00 .1522E+01
.4980E+03 .1902E+01 .1235E+01 .3948E+00 .1451E+01
.4990E+03 .1928E+01 .1252E+01 .3988E+00 .1470E+01
.5000E+03 .1873E+01 .1218E+01 .3870E+00 .1429E+01
.5010E+03 .1841E+01 .1198E+01 .3787E+00 .1403E+01
.5020E+03 .1821E+01 .1184E+01 .3725E+00 .1386E+01
.5030E+03 .1901E+01 .1237E+01 .3870E+00 .1445E+01
.5040E+03 .1874E+01 .1215E+01 .3777E+00 .1417E+01
.5050E+03 .1923E+01 .1252E+01 .3883E+00 .1459E+01
.5060E+03 .1986E+01 .1295E+01 .3999E+00 .1508E+01
.5070E+03 .1889E+01 .1234E+01 .3797E+00 .1435E+01
.5080E+03 .1824E+01 .1195E+01 .3665E+00 .1389E+01
.5090E+03 .1870E+01 .1228E+01 .3754E+00 .1426E+01
.5100E+03 .1857E+01 .1222E+01 .3721E+00 .1417E+01
.5110E+03 .1902E+01 .1254E+01 .3806E+00 .1453E+01
.5120E+03 .1921E+01 .1268E+01 .3836E+00 .1469E+01
.5130E+03 .1817E+01 .1202E+01 .3624E+00 .1391E+01
.5140E+03 .1802E+01 .1194E+01 .3589E+00 .1381E+01
.5150E+03 .1784E+01 .1184E+01 .3544E+00 .1367E+01
.5160E+03 .1780E+01 .1183E+01 .3528E+00 .1364E+01
.5170E+03 .1580E+01 .1052E+01 .3126E+00 .1212E+01
.5180E+03 .1662E+01 .1107E+01 .3278E+00 .1275E+01
.5190E+03 .1743E+01 .1162E+01 .3429E+00 .1337E+01
.5200E+03 .1807E+01 .1206E+01 .3545E+00 .1386E+01
.5210E+03 .1825E+01 .1219E+01 .3569E+00 .1400E+01
.5220E+03 .1828E+01 .1222E+01 .3563E+00 .1401E+01
.5230E+03 .1796E+01 .1202E+01 .3491E+00 .1377E+01
.5240E+03 .1863E+01 .1247E+01 .3609E+00 .1428E+01
.5250E+03 .1889E+01 .1265E+01 .3643E+00 .1446E+01
.5260E+03 .1805E+01 .1210E+01 .3470E+00 .1382E+01
.5270E+03 .1705E+01 .1142E+01 .3262E+00 .1303E+01
.5280E+03 .1805E+01 .1210E+01 .3441E+00 .1379E+01
.5290E+03 .1905E+01 .1277E+01 .3615E+00 .1454E+01
.5300E+03 .1879E+01 .1260E+01 .3553E+00 .1433E+01
.5310E+03 .1908E+01 .1281E+01 .3596E+00 .1455E+01
.5320E+03 .1843E+01 .1238E+01 .3463E+00 .1406E+01
.5330E+03 .1789E+01 .1203E+01 .3351E+00 .1364E+01
.5340E+03 .1840E+01 .1240E+01 .3438E+00 .1404E+01
.5350E+03 .1878E+01 .1267E+01 .3500E+00 .1434E+01
.5360E+03 .1894E+01 .1279E+01 .3519E+00 .1446E+01
.5370E+03 .1817E+01 .1229E+01 .3368E+00 .1388E+01
.5380E+03 .1848E+01 .1252E+01 .3417E+00 .1413E+01
.5390E+03 .1833E+01 .1243E+01 .3379E+00 .1401E+01
.5400E+03 .1758E+01 .1193E+01 .3230E+00 .1344E+01
.5410E+03 .1775E+01 .1205E+01 .3246E+00 .1355E+01
.5420E+03 .1833E+01 .1245E+01 .3338E+00 .1399E+01
.5430E+03 .1809E+01 .1231E+01 .3289E+00 .1382E+01
.5440E+03 .1845E+01 .1256E+01 .3338E+00 .1408E+01
.5450E+03 .1838E+01 .1252E+01 .3314E+00 .1402E+01
.5460E+03 .1851E+01 .1260E+01 .3319E+00 .1409E+01
.5470E+03 .1846E+01 .1258E+01 .3300E+00 .1406E+01
.5480E+03 .1822E+01 .1243E+01 .3247E+00 .1388E+01
.5490E+03 .1826E+01 .1248E+01 .3247E+00 .1392E+01
.5500E+03 .1847E+01 .1264E+01 .3277E+00 .1409E+01
.5510E+03 .1824E+01 .1250E+01 .3226E+00 .1392E+01
.5520E+03 .1836E+01 .1260E+01 .3238E+00 .1401E+01
.5530E+03 .1804E+01 .1238E+01 .3169E+00 .1376E+01
.5540E+03 .1848E+01 .1269E+01 .3232E+00 .1409E+01
.5550E+03 .1853E+01 .1273E+01 .3227E+00 .1411E+01
.5560E+03 .1830E+01 .1257E+01 .3173E+00 .1393E+01
.5570E+03 .1774E+01 .1220E+01 .3064E+00 .1350E+01
.5580E+03 .1764E+01 .1212E+01 .3031E+00 .1340E+01
.5590E+03 .1734E+01 .1191E+01 .2963E+00 .1315E+01
.5600E+03 .1757E+01 .1208E+01 .2991E+00 .1333E+01
.5610E+03 .1782E+01 .1226E+01 .3022E+00 .1351E+01
.5620E+03 .1772E+01 .1219E+01 .2991E+00 .1342E+01
.5630E+03 .1825E+01 .1255E+01 .3063E+00 .1380E+01
.5640E+03 .1778E+01 .1223E+01 .2971E+00 .1344E+01
.5650E+03 .1766E+01 .1215E+01 .2935E+00 .1333E+01
.5660E+03 .1742E+01 .1199E+01 .2882E+00 .1314E+01
.5670E+03 .1779E+01 .1224E+01 .2928E+00 .1340E+01
.5680E+03 .1773E+01 .1219E+01 .2897E+00 .1332E+01
.5690E+03 .1752E+01 .1199E+01 .2832E+00 .1309E+01
.5700E+03 .1748E+01 .1199E+01 .2818E+00 .1307E+01
.5710E+03 .1732E+01 .1190E+01 .2786E+00 .1296E+01
.5720E+03 .1787E+01 .1225E+01 .2852E+00 .1333E+01
.5730E+03 .1808E+01 .1240E+01 .2874E+00 .1348E+01
.5740E+03 .1805E+01 .1238E+01 .2857E+00 .1345E+01
.5750E+03 .1776E+01 .1218E+01 .2797E+00 .1322E+01
.5760E+03 .1760E+01 .1208E+01 .2761E+00 .1309E+01
.5770E+03 .1777E+01 .1221E+01 .2780E+00 .1323E+01
.5780E+03 .1745E+01 .1202E+01 .2726E+00 .1301E+01
.5790E+03 .1743E+01 .1204E+01 .2723E+00 .1302E+01
.5800E+03 .1763E+01 .1222E+01 .2756E+00 .1321E+01
.5810E+03 .1762E+01 .1226E+01 .2755E+00 .1324E+01
.5820E+03 .1786E+01 .1246E+01 .2794E+00 .1346E+01
.5830E+03 .1783E+01 .1248E+01 .2789E+00 .1346E+01
.5840E+03 .1794E+01 .1258E+01 .2801E+00 .1356E+01
.5850E+03 .1747E+01 .1227E+01 .2722E+00 .1322E+01
.5860E+03 .1711E+01 .1202E+01 .2656E+00 .1294E+01
.5870E+03 .1755E+01 .1231E+01 .2707E+00 .1324E+01
.5880E+03 .1738E+01 .1213E+01 .2648E+00 .1302E+01
.5890E+03 .1596E+01 .1097E+01 .2369E+00 .1175E+01
.5900E+03 .1664E+01 .1146E+01 .2468E+00 .1227E+01
.5910E+03 .1728E+01 .1200E+01 .2583E+00 .1285E+01
.5920E+03 .1726E+01 .1195E+01 .2557E+00 .1278E+01
.5930E+03 .1730E+01 .1204E+01 .2571E+00 .1287E+01
.5940E+03 .1727E+01 .1201E+01 .2554E+00 .1283E+01
.5950E+03 .1699E+01 .1179E+01 .2494E+00 .1258E+01
.5960E+03 .1725E+01 .1208E+01 .2558E+00 .1289E+01
.5970E+03 .1713E+01 .1199E+01 .2527E+00 .1279E+01
.5980E+03 .1698E+01 .1193E+01 .2510E+00 .1271E+01
.5990E+03 .1693E+01 .1193E+01 .2503E+00 .1271E+01
.6000E+03 .1684E+01 .1191E+01 .2493E+00 .1268E+01
.6010E+03 .1663E+01 .1178E+01 .2459E+00 .1254E+01
.6020E+03 .1650E+01 .1170E+01 .2432E+00 .1244E+01
.6030E+03 .1674E+01 .1188E+01 .2460E+00 .1262E+01
.6040E+03 .1701E+01 .1207E+01 .2490E+00 .1282E+01
.6050E+03 .1690E+01 .1201E+01 .2469E+00 .1274E+01
.6060E+03 .1679E+01 .1197E+01 .2453E+00 .1270E+01
.6070E+03 .1692E+01 .1210E+01 .2473E+00 .1282E+01
.6080E+03 .1670E+01 .1197E+01 .2439E+00 .1268E+01
.6090E+03 .1670E+01 .1200E+01 .2437E+00 .1270E+01
.6100E+03 .1654E+01 .1190E+01 .2409E+00 .1259E+01
.6110E+03 .1661E+01 .1197E+01 .2416E+00 .1266E+01
.6120E+03 .1654E+01 .1194E+01 .2401E+00 .1261E+01
.6130E+03 .1632E+01 .1179E+01 .2363E+00 .1245E+01
.6140E+03 .1607E+01 .1163E+01 .2323E+00 .1227E+01
.6150E+03 .1639E+01 .1188E+01 .2367E+00 .1253E+01
.6160E+03 .1582E+01 .1149E+01 .2283E+00 .1211E+01
.6170E+03 .1578E+01 .1147E+01 .2271E+00 .1208E+01
.6180E+03 .1637E+01 .1191E+01 .2351E+00 .1254E+01
.6190E+03 .1619E+01 .1180E+01 .2320E+00 .1241E+01
.6200E+03 .1630E+01 .1187E+01 .2326E+00 .1248E+01
.6210E+03 .1635E+01 .1189E+01 .2318E+00 .1249E+01
.6220E+03 .1619E+01 .1170E+01 .2264E+00 .1227E+01
.6230E+03 .1598E+01 .1147E+01 .2204E+00 .1201E+01
.6240E+03 .1568E+01 .1131E+01 .2171E+00 .1184E+01
.6250E+03 .1564E+01 .1135E+01 .2178E+00 .1189E+01
.6260E+03 .1588E+01 .1155E+01 .2210E+00 .1209E+01
.6270E+03 .1614E+01 .1173E+01 .2236E+00 .1227E+01
.6280E+03 .1612E+01 .1136E+01 .2126E+00 .1185E+01
.6290E+03 .1612E+01 .1162E+01 .2189E+00 .1213E+01
.6300E+03 .1578E+01 .1137E+01 .2135E+00 .1187E+01
.6310E+03 .1579E+01 .1153E+01 .2169E+00 .1203E+01
.6320E+03 .1555E+01 .1140E+01 .2142E+00 .1189E+01
.6330E+03 .1588E+01 .1171E+01 .2200E+00 .1222E+01
.6340E+03 .1562E+01 .1157E+01 .2169E+00 .1207E+01
.6350E+03 .1581E+01 .1174E+01 .2195E+00 .1224E+01
.6360E+03 .1554E+01 .1156E+01 .2155E+00 .1204E+01
.6370E+03 .1576E+01 .1174E+01 .2181E+00 .1222E+01
.6380E+03 .1583E+01 .1182E+01 .2192E+00 .1231E+01
.6390E+03 .1562E+01 .1169E+01 .2162E+00 .1216E+01
.6400E+03 .1543E+01 .1158E+01 .2135E+00 .1204E+01
.6410E+03 .1539E+01 .1157E+01 .2128E+00 .1202E+01
.6420E+03 .1528E+01 .1151E+01 .2111E+00 .1196E+01
.6430E+03 .1548E+01 .1167E+01 .2134E+00 .1212E+01
.6440E+03 .1540E+01 .1163E+01 .2119E+00 .1207E+01
.6450E+03 .1545E+01 .1167E+01 .2120E+00 .1210E+01
.6460E+03 .1521E+01 .1147E+01 .2074E+00 .1189E+01
.6470E+03 .1529E+01 .1147E+01 .2061E+00 .1187E+01
.6480E+03 .1543E+01 .1153E+01 .2064E+00 .1192E+01
.6490E+03 .1513E+01 .1131E+01 .2018E+00 .1169E+01
.6500E+03 .1482E+01 .1121E+01 .2002E+00 .1159E+01
.6510E+03 .1538E+01 .1166E+01 .2079E+00 .1206E+01
.6520E+03 .1520E+01 .1139E+01 .2015E+00 .1176E+01
.6530E+03 .1518E+01 .1153E+01 .2042E+00 .1190E+01
.6540E+03 .1496E+01 .1138E+01 .2011E+00 .1175E+01
.6550E+03 .1463E+01 .1106E+01 .1942E+00 .1141E+01
.6560E+03 .1281E+01 .9741E+00 .1708E+00 .1004E+01
.6570E+03 .1315E+01 .1000E+01 .1748E+00 .1030E+01
.6580E+03 .1463E+01 .1116E+01 .1945E+00 .1149E+01
.6590E+03 .1467E+01 .1119E+01 .1945E+00 .1152E+01
.6600E+03 .1471E+01 .1119E+01 .1934E+00 .1150E+01
.6610E+03 .1481E+01 .1117E+01 .1917E+00 .1147E+01
.6620E+03 .1490E+01 .1115E+01 .1898E+00 .1143E+01
.6630E+03 .1458E+01 .1097E+01 .1867E+00 .1125E+01
.6640E+03 .1466E+01 .1115E+01 .1901E+00 .1144E+01
.6650E+03 .1460E+01 .1118E+01 .1907E+00 .1147E+01
.6660E+03 .1458E+01 .1123E+01 .1914E+00 .1152E+01
.6670E+03 .1453E+01 .1124E+01 .1914E+00 .1153E+01
.6680E+03 .1450E+01 .1125E+01 .1912E+00 .1153E+01
.6690E+03 .1471E+01 .1143E+01 .1938E+00 .1171E+01
.6700E+03 .1463E+01 .1138E+01 .1926E+00 .1166E+01
.6710E+03 .1461E+01 .1138E+01 .1921E+00 .1166E+01
.6720E+03 .1448E+01 .1129E+01 .1900E+00 .1156E+01
.6730E+03 .1468E+01 .1146E+01 .1924E+00 .1173E+01
.6740E+03 .1461E+01 .1142E+01 .1913E+00 .1168E+01
.6750E+03 .1447E+01 .1132E+01 .1891E+00 .1157E+01
.6760E+03 .1455E+01 .1140E+01 .1899E+00 .1165E+01
.6770E+03 .1440E+01 .1128E+01 .1875E+00 .1153E+01
.6780E+03 .1443E+01 .1131E+01 .1875E+00 .1155E+01
.6790E+03 .1418E+01 .1113E+01 .1841E+00 .1137E+01
.6800E+03 .1429E+01 .1123E+01 .1852E+00 .1146E+01
.6810E+03 .1419E+01 .1116E+01 .1837E+00 .1139E+01
.6820E+03 .1418E+01 .1116E+01 .1832E+00 .1138E+01
.6830E+03 .1415E+01 .1114E+01 .1826E+00 .1136E+01
.6840E+03 .1408E+01 .1110E+01 .1814E+00 .1131E+01
.6850E+03 .1418E+01 .1119E+01 .1826E+00 .1140E+01
.6860E+03 .1412E+01 .1114E+01 .1813E+00 .1134E+01
.6870E+03 .1429E+01 .9234E+00 .1360E+00 .9258E+00
.6880E+03 .1413E+01 .9902E+00 .1514E+00 .9984E+00
.6890E+03 .1410E+01 .9914E+00 .1515E+00 .9995E+00
.6900E+03 .1400E+01 .1011E+01 .1562E+00 .1021E+01
.6910E+03 .1389E+01 .1033E+01 .1616E+00 .1045E+01
.6920E+03 .1377E+01 .1048E+01 .1656E+00 .1062E+01
.6930E+03 .1379E+01 .1048E+01 .1655E+00 .1062E+01
.6940E+03 .1383E+01 .1048E+01 .1655E+00 .1062E+01
.6950E+03 .1383E+01 .1067E+01 .1699E+00 .1082E+01
.6960E+03 .1394E+01 .1072E+01 .1704E+00 .1087E+01
.6970E+03 .1388E+01 .1098E+01 .1765E+00 .1116E+01
.6980E+03 .1369E+01 .1083E+01 .1740E+00 .1100E+01
.6990E+03 .1387E+01 .1082E+01 .1727E+00 .1098E+01
.7000E+03 .1370E+01 .1069E+01 .1708E+00 .1085E+01
.7010E+03 .1367E+01 .1065E+01 .1699E+00 .1081E+01
.7020E+03 .1359E+01 .1065E+01 .1704E+00 .1081E+01
.7030E+03 .1365E+01 .1067E+01 .1708E+00 .1084E+01
.7040E+03 .1379E+01 .1088E+01 .1748E+00 .1105E+01
.7050E+03 .1381E+01 .1091E+01 .1756E+00 .1109E+01
.7060E+03 .1367E+01 .1085E+01 .1749E+00 .1103E+01
.7070E+03 .1364E+01 .1085E+01 .1752E+00 .1103E+01
.7080E+03 .1367E+01 .1087E+01 .1759E+00 .1106E+01
.7090E+03 .1354E+01 .1082E+01 .1755E+00 .1101E+01
.7100E+03 .1360E+01 .1086E+01 .1762E+00 .1105E+01
.7110E+03 .1354E+01 .1082E+01 .1759E+00 .1102E+01
.7120E+03 .1343E+01 .1076E+01 .1752E+00 .1096E+01
.7130E+03 .1335E+01 .1069E+01 .1742E+00 .1088E+01
.7140E+03 .1340E+01 .1073E+01 .1751E+00 .1093E+01
.7150E+03 .1315E+01 .1048E+01 .1709E+00 .1067E+01
.7160E+03 .1322E+01 .1053E+01 .1717E+00 .1072E+01
.7170E+03 .1340E+01 .9982E+00 .1581E+00 .1012E+01
.7180E+03 .1319E+01 .9494E+00 .1498E+00 .9619E+00
.7190E+03 .1294E+01 .8892E+00 .1392E+00 .8998E+00
.7200E+03 .1320E+01 .9295E+00 .1460E+00 .9411E+00
.7210E+03 .1305E+01 .9643E+00 .1545E+00 .9794E+00
.7220E+03 .1304E+01 .1033E+01 .1693E+00 .1053E+01
.7230E+03 .1316E+01 .1000E+01 .1621E+00 .1018E+01
.7240E+03 .1305E+01 .9451E+00 .1510E+00 .9594E+00
.7250E+03 .1296E+01 .9419E+00 .1503E+00 .9560E+00
.7260E+03 .1298E+01 .9687E+00 .1553E+00 .9839E+00
.7270E+03 .1307E+01 .9701E+00 .1565E+00 .9863E+00
.7280E+03 .1284E+01 .9417E+00 .1504E+00 .9559E+00
.7290E+03 .1258E+01 .9429E+00 .1522E+00 .9588E+00
.7300E+03 .1289E+01 .9870E+00 .1603E+00 .1005E+01
.7310E+03 .1279E+01 .9588E+00 .1546E+00 .9747E+00
.7320E+03 .1282E+01 .9914E+00 .1621E+00 .1010E+01
.7330E+03 .1278E+01 .1016E+01 .1681E+00 .1037E+01
.7340E+03 .1291E+01 .1032E+01 .1713E+00 .1054E+01
.7350E+03 .1273E+01 .1015E+01 .1682E+00 .1036E+01
.7360E+03 .1267E+01 .1013E+01 .1681E+00 .1035E+01
.7370E+03 .1277E+01 .1019E+01 .1689E+00 .1041E+01
.7380E+03 .1256E+01 .1017E+01 .1696E+00 .1039E+01
.7390E+03 .1234E+01 .9984E+00 .1665E+00 .1020E+01
.7400E+03 .1253E+01 .1018E+01 .1700E+00 .1041E+01
.7410E+03 .1232E+01 .1004E+01 .1678E+00 .1027E+01
.7420E+03 .1227E+01 .1002E+01 .1675E+00 .1025E+01
.7430E+03 .1256E+01 .1027E+01 .1715E+00 .1050E+01
.7440E+03 .1248E+01 .1022E+01 .1707E+00 .1045E+01
.7450E+03 .1245E+01 .1021E+01 .1704E+00 .1044E+01
.7460E+03 .1251E+01 .1026E+01 .1710E+00 .1049E+01
.7470E+03 .1253E+01 .1028E+01 .1711E+00 .1051E+01
.7480E+03 .1250E+01 .1027E+01 .1706E+00 .1049E+01
.7490E+03 .1235E+01 .1015E+01 .1685E+00 .1037E+01
.7500E+03 .1234E+01 .1015E+01 .1682E+00 .1036E+01
.7510E+03 .1222E+01 .1005E+01 .1663E+00 .1026E+01
.7520E+03 .1227E+01 .1010E+01 .1668E+00 .1030E+01
.7530E+03 .1232E+01 .1015E+01 .1674E+00 .1036E+01
.7540E+03 .1235E+01 .1018E+01 .1676E+00 .1038E+01
.7550E+03 .1228E+01 .1013E+01 .1664E+00 .1033E+01
.7560E+03 .1227E+01 .1012E+01 .1661E+00 .1032E+01
.7570E+03 .1229E+01 .1014E+01 .1661E+00 .1034E+01
.7580E+03 .1215E+01 .1003E+01 .1638E+00 .1021E+01
.7590E+03 .1211E+01 .9921E+00 .1610E+00 .1010E+01
.7600E+03 .1211E+01 .4205E+00 .4285E-01 .4025E+00
.7610E+03 .1207E+01 .3080E+00 .2661E-01 .2901E+00
.7620E+03 .1186E+01 .7136E+00 .9716E-01 .7075E+00
.7630E+03 .1208E+01 .5156E+00 .5822E-01 .4993E+00
.7640E+03 .1201E+01 .6264E+00 .7857E-01 .6144E+00
.7650E+03 .1189E+01 .7149E+00 .9662E-01 .7082E+00
.7660E+03 .1140E+01 .7718E+00 .1109E+00 .7711E+00
.7670E+03 .1179E+01 .8780E+00 .1326E+00 .8837E+00
.7680E+03 .1184E+01 .9427E+00 .1474E+00 .9537E+00
.7690E+03 .1172E+01 .9474E+00 .1490E+00 .9594E+00
.7700E+03 .1172E+01 .9631E+00 .1525E+00 .9762E+00
.7710E+03 .1164E+01 .9638E+00 .1528E+00 .9772E+00
.7720E+03 .1162E+01 .9638E+00 .1527E+00 .9771E+00
.7730E+03 .1168E+01 .9703E+00 .1534E+00 .9834E+00
.7740E+03 .1162E+01 .9654E+00 .1523E+00 .9781E+00
.7750E+03 .1152E+01 .9580E+00 .1508E+00 .9703E+00
.7760E+03 .1165E+01 .9698E+00 .1523E+00 .9819E+00
.7770E+03 .1150E+01 .9573E+00 .1500E+00 .9688E+00
.7780E+03 .1143E+01 .9519E+00 .1488E+00 .9630E+00
.7790E+03 .1144E+01 .9530E+00 .1487E+00 .9639E+00
.7800E+03 .1137E+01 .9478E+00 .1475E+00 .9583E+00
.7810E+03 .1138E+01 .9491E+00 .1474E+00 .9592E+00
.7820E+03 .1145E+01 .9552E+00 .1480E+00 .9651E+00
.7830E+03 .1125E+01 .9388E+00 .1451E+00 .9482E+00
.7840E+03 .1130E+01 .9434E+00 .1455E+00 .9525E+00
.7850E+03 .1123E+01 .9377E+00 .1443E+00 .9464E+00
.7860E+03 .1136E+01 .9491E+00 .1457E+00 .9575E+00
.7870E+03 .1131E+01 .9411E+00 .1437E+00 .9488E+00
.7880E+03 .1126E+01 .9340E+00 .1421E+00 .9410E+00
.7890E+03 .1131E+01 .9364E+00 .1421E+00 .9431E+00
.7900E+03 .1130E+01 .9250E+00 .1393E+00 .9305E+00
.7910E+03 .1114E+01 .9208E+00 .1390E+00 .9266E+00
.7920E+03 .1103E+01 .9128E+00 .1375E+00 .9183E+00
.7930E+03 .1089E+01 .8998E+00 .1351E+00 .9048E+00
.7940E+03 .1076E+01 .9010E+00 .1357E+00 .9064E+00
.7950E+03 .1101E+01 .9201E+00 .1381E+00 .9251E+00
.7960E+03 .1105E+01 .9101E+00 .1353E+00 .9138E+00
.7970E+03 .1104E+01 .9115E+00 .1353E+00 .9149E+00
.7980E+03 .1103E+01 .9219E+00 .1374E+00 .9259E+00
.7990E+03 .1104E+01 .9199E+00 .1366E+00 .9234E+00
.8000E+03 .1095E+01 .9088E+00 .1344E+00 .9118E+00
.8010E+03 .1098E+01 .9095E+00 .1340E+00 .9119E+00
.8020E+03 .1093E+01 .9067E+00 .1333E+00 .9089E+00
.8030E+03 .1088E+01 .9021E+00 .1323E+00 .9039E+00
.8040E+03 .1086E+01 .9018E+00 .1320E+00 .9034E+00
.8050E+03 .1072E+01 .8943E+00 .1309E+00 .8958E+00
.8060E+03 .1087E+01 .9119E+00 .1335E+00 .9136E+00
.8070E+03 .1078E+01 .9031E+00 .1318E+00 .9044E+00
.8080E+03 .1076E+01 .9029E+00 .1316E+00 .9040E+00
.8090E+03 .1068E+01 .8922E+00 .1294E+00 .8926E+00
.8100E+03 .1070E+01 .8912E+00 .1288E+00 .8911E+00
.8110E+03 .1081E+01 .8981E+00 .1292E+00 .8974E+00
.8120E+03 .1082E+01 .8862E+00 .1263E+00 .8844E+00
.8130E+03 .1084E+01 .8782E+00 .1243E+00 .8755E+00
.8140E+03 .1077E+01 .8230E+00 .1134E+00 .8174E+00
.8150E+03 .1071E+01 .8195E+00 .1127E+00 .8137E+00
.8160E+03 .1069E+01 .7826E+00 .1069E+00 .7763E+00
.8170E+03 .1066E+01 .7878E+00 .1077E+00 .7815E+00
.8180E+03 .1044E+01 .7688E+00 .1044E+00 .7620E+00
.8190E+03 .1038E+01 .8106E+00 .1121E+00 .8055E+00
.8200E+03 .1032E+01 .7830E+00 .1071E+00 .7768E+00
.8210E+03 .1031E+01 .8498E+00 .1191E+00 .8460E+00
.8220E+03 .1033E+01 .8379E+00 .1166E+00 .8334E+00
.8230E+03 .1043E+01 .6866E+00 .8852E-01 .6758E+00
.8240E+03 .1040E+01 .8335E+00 .1148E+00 .8278E+00
.8250E+03 .1037E+01 .8426E+00 .1167E+00 .8375E+00
.8260E+03 .1045E+01 .8309E+00 .1137E+00 .8245E+00
.8270E+03 .1043E+01 .8541E+00 .1180E+00 .8486E+00
.8280E+03 .1037E+01 .7837E+00 .1051E+00 .7754E+00
.8290E+03 .1031E+01 .8226E+00 .1122E+00 .8159E+00
.8300E+03 .1028E+01 .8181E+00 .1112E+00 .8110E+00
.8310E+03 .1022E+01 .8180E+00 .1111E+00 .8108E+00
.8320E+03 .1025E+01 .8057E+00 .1086E+00 .7977E+00
.8330E+03 .9928E+00 .8204E+00 .1119E+00 .8136E+00
.8340E+03 .9977E+00 .8088E+00 .1091E+00 .8010E+00
.8350E+03 .1013E+01 .8521E+00 .1166E+00 .8454E+00
.8360E+03 .1018E+01 .8372E+00 .1131E+00 .8293E+00
.8370E+03 .1013E+01 .8535E+00 .1164E+00 .8464E+00
.8380E+03 .9977E+00 .8357E+00 .1133E+00 .8282E+00
.8390E+03 .9948E+00 .8396E+00 .1140E+00 .8322E+00
.8400E+03 .1011E+01 .8558E+00 .1161E+00 .8482E+00
.8410E+03 .1005E+01 .8480E+00 .1146E+00 .8400E+00
.8420E+03 .9967E+00 .8441E+00 .1141E+00 .8361E+00
.8430E+03 .9851E+00 .8378E+00 .1133E+00 .8299E+00
.8440E+03 .9783E+00 .8300E+00 .1118E+00 .8218E+00
.8450E+03 .1002E+01 .8533E+00 .1149E+00 .8448E+00
.8460E+03 .9958E+00 .8490E+00 .1141E+00 .8403E+00
.8470E+03 .9735E+00 .8314E+00 .1116E+00 .8228E+00
.8480E+03 .9725E+00 .8292E+00 .1109E+00 .8202E+00
.8490E+03 .9452E+00 .8059E+00 .1076E+00 .7970E+00
.8500E+03 .9046E+00 .7719E+00 .1029E+00 .7631E+00
.8510E+03 .9637E+00 .8203E+00 .1089E+00 .8106E+00
.8520E+03 .9545E+00 .8136E+00 .1079E+00 .8038E+00
.8530E+03 .9140E+00 .7810E+00 .1034E+00 .7714E+00
.8540E+03 .7930E+00 .6765E+00 .8932E-01 .6680E+00
.8550E+03 .8658E+00 .7406E+00 .9769E-01 .7312E+00
.8560E+03 .9485E+00 .8109E+00 .1067E+00 .8003E+00
.8570E+03 .9661E+00 .8273E+00 .1087E+00 .8164E+00
.8580E+03 .9604E+00 .8222E+00 .1078E+00 .8111E+00
.8590E+03 .9593E+00 .8221E+00 .1076E+00 .8108E+00
.8600E+03 .9595E+00 .8230E+00 .1075E+00 .8115E+00
.8610E+03 .9547E+00 .8190E+00 .1068E+00 .8073E+00
.8620E+03 .9690E+00 .8317E+00 .1082E+00 .8196E+00
.8630E+03 .9919E+00 .8516E+00 .1106E+00 .8390E+00
.8640E+03 .9420E+00 .8091E+00 .1048E+00 .7970E+00
.8650E+03 .9334E+00 .8021E+00 .1037E+00 .7898E+00
.8660E+03 .8393E+00 .7214E+00 .9309E-01 .7102E+00
.8670E+03 .8757E+00 .7530E+00 .9696E-01 .7411E+00
.8680E+03 .9528E+00 .8195E+00 .1053E+00 .8063E+00
.8690E+03 .9328E+00 .8027E+00 .1029E+00 .7895E+00
.8700E+03 .9593E+00 .8257E+00 .1057E+00 .8120E+00
.8710E+03 .9463E+00 .8147E+00 .1040E+00 .8010E+00
.8720E+03 .9427E+00 .8119E+00 .1035E+00 .7980E+00
.8730E+03 .9408E+00 .8105E+00 .1031E+00 .7964E+00
.8740E+03 .9295E+00 .8010E+00 .1017E+00 .7869E+00
.8750E+03 .9109E+00 .7851E+00 .9943E-01 .7710E+00
.8760E+03 .9207E+00 .7937E+00 .1003E+00 .7792E+00
.8770E+03 .9296E+00 .8017E+00 .1011E+00 .7869E+00
.8780E+03 .9407E+00 .8112E+00 .1021E+00 .7959E+00
.8790E+03 .9259E+00 .7987E+00 .1003E+00 .7835E+00
.8800E+03 .9060E+00 .7818E+00 .9796E-01 .7667E+00
.8810E+03 .8950E+00 .7716E+00 .9643E-01 .7565E+00
.8820E+03 .9149E+00 .7889E+00 .9836E-01 .7731E+00
.8830E+03 .9161E+00 .7905E+00 .9840E-01 .7746E+00
.8840E+03 .9124E+00 .7874E+00 .9779E-01 .7713E+00
.8850E+03 .9192E+00 .7935E+00 .9834E-01 .7771E+00
.8860E+03 .8848E+00 .7611E+00 .9393E-01 .7449E+00
.8870E+03 .8879E+00 .7659E+00 .9447E-01 .7497E+00
.8880E+03 .9072E+00 .7805E+00 .9594E-01 .7635E+00
.8890E+03 .9075E+00 .7845E+00 .9643E-01 .7675E+00
.8900E+03 .9101E+00 .7834E+00 .9588E-01 .7660E+00
.8910E+03 .9033E+00 .7799E+00 .9538E-01 .7625E+00
.8920E+03 .8888E+00 .7634E+00 .9289E-01 .7459E+00
.8930E+03 .8835E+00 .7495E+00 .9052E-01 .7317E+00
.8940E+03 .8856E+00 .7388E+00 .8829E-01 .7203E+00
.8950E+03 .8821E+00 .7200E+00 .8493E-01 .7008E+00
.8960E+03 .8951E+00 .7015E+00 .8194E-01 .6820E+00
.8970E+03 .8816E+00 .6432E+00 .7329E-01 .6235E+00
.8980E+03 .8853E+00 .6749E+00 .7772E-01 .6550E+00
.8990E+03 .8827E+00 .5700E+00 .6221E-01 .5498E+00
.9000E+03 .8625E+00 .6711E+00 .7769E-01 .6517E+00
.9010E+03 .8329E+00 .5867E+00 .6523E-01 .5671E+00
.9020E+03 .8414E+00 .6310E+00 .7195E-01 .6117E+00
.9030E+03 .8734E+00 .6501E+00 .7349E-01 .6296E+00
.9040E+03 .8821E+00 .7391E+00 .8673E-01 .7190E+00
.9050E+03 .8796E+00 .7244E+00 .8429E-01 .7040E+00
.9060E+03 .8592E+00 .6900E+00 .7957E-01 .6698E+00
.9070E+03 .8662E+00 .6196E+00 .6878E-01 .5988E+00
.9080E+03 .8510E+00 .6237E+00 .6950E-01 .6030E+00
.9090E+03 .8336E+00 .6447E+00 .7288E-01 .6244E+00
.9100E+03 .8501E+00 .6180E+00 .6754E-01 .5961E+00
.9110E+03 .8457E+00 .6306E+00 .6960E-01 .6090E+00
.9120E+03 .8468E+00 .6465E+00 .7222E-01 .6252E+00
.9130E+03 .8654E+00 .6279E+00 .6810E-01 .6052E+00
.9140E+03 .8552E+00 .6177E+00 .6742E-01 .5958E+00
.9150E+03 .8481E+00 .6508E+00 .7148E-01 .6282E+00
.9160E+03 .8518E+00 .5833E+00 .6264E-01 .5616E+00
.9170E+03 .8398E+00 .6678E+00 .7424E-01 .6455E+00
.9180E+03 .8438E+00 .5952E+00 .6391E-01 .5730E+00
.9190E+03 .8467E+00 .6742E+00 .7490E-01 .6516E+00
.9200E+03 .8364E+00 .6671E+00 .7470E-01 .6453E+00
.9210E+03 .8154E+00 .6772E+00 .7617E-01 .6554E+00
.9220E+03 .8123E+00 .6402E+00 .7033E-01 .6179E+00
.9230E+03 .7900E+00 .6550E+00 .7336E-01 .6337E+00
.9240E+03 .8150E+00 .6521E+00 .7157E-01 .6294E+00
.9250E+03 .8148E+00 .6440E+00 .7031E-01 .6212E+00
.9260E+03 .8045E+00 .6455E+00 .7057E-01 .6227E+00
.9270E+03 .8301E+00 .6918E+00 .7675E-01 .6685E+00
.9280E+03 .8314E+00 .6001E+00 .6239E-01 .5757E+00
.9290E+03 .8204E+00 .5686E+00 .5786E-01 .5443E+00
.9300E+03 .8246E+00 .5121E+00 .5025E-01 .4883E+00
.9310E+03 .8246E+00 .4722E+00 .4594E-01 .4499E+00
.9320E+03 .8203E+00 .3932E+00 .3628E-01 .3726E+00
.9330E+03 .8234E+00 .3579E+00 .3171E-01 .3378E+00
.9340E+03 .8213E+00 .2792E+00 .2245E-01 .2613E+00
.9350E+03 .8116E+00 .3478E+00 .3152E-01 .3290E+00
.9360E+03 .8077E+00 .2659E+00 .2226E-01 .2497E+00
.9370E+03 .8134E+00 .2851E+00 .2368E-01 .2676E+00
.9380E+03 .8127E+00 .3244E+00 .2773E-01 .3052E+00
.9390E+03 .8069E+00 .4656E+00 .4473E-01 .4430E+00
.9400E+03 .7974E+00 .5193E+00 .5124E-01 .4954E+00
.9410E+03 .7684E+00 .4426E+00 .4169E-01 .4203E+00
.9420E+03 .7844E+00 .4767E+00 .4603E-01 .4538E+00
.9430E+03 .7940E+00 .3708E+00 .3378E-01 .3509E+00
.9440E+03 .7833E+00 .3599E+00 .3325E-01 .3411E+00
.9450E+03 .7912E+00 .4502E+00 .4203E-01 .4271E+00
.9460E+03 .7940E+00 .2981E+00 .2517E-01 .2802E+00
.9470E+03 .7957E+00 .4607E+00 .4261E-01 .4367E+00
.9480E+03 .7964E+00 .3670E+00 .3262E-01 .3465E+00
.9490E+03 .7957E+00 .5617E+00 .5489E-01 .5353E+00
.9500E+03 .7901E+00 .2710E+00 .2152E-01 .2534E+00
.9510E+03 .7858E+00 .5446E+00 .5290E-01 .5187E+00
.9520E+03 .7865E+00 .3770E+00 .3302E-01 .3555E+00
.9530E+03 .7793E+00 .4289E+00 .3875E-01 .4056E+00
.9540E+03 .7555E+00 .4671E+00 .4393E-01 .4435E+00
.9550E+03 .7427E+00 .4323E+00 .3979E-01 .4096E+00
.9560E+03 .7741E+00 .4060E+00 .3622E-01 .3835E+00
.9570E+03 .7681E+00 .3788E+00 .3272E-01 .3567E+00
.9580E+03 .7764E+00 .4853E+00 .4629E-01 .4614E+00
.9590E+03 .7772E+00 .4456E+00 .4068E-01 .4218E+00
.9600E+03 .7663E+00 .4830E+00 .4459E-01 .4577E+00
.9610E+03 .7699E+00 .5043E+00 .4750E-01 .4789E+00
.9620E+03 .7633E+00 .4895E+00 .4573E-01 .4644E+00
.9630E+03 .7596E+00 .5271E+00 .5049E-01 .5013E+00
.9640E+03 .7593E+00 .4970E+00 .4675E-01 .4719E+00
.9650E+03 .7563E+00 .5168E+00 .4933E-01 .4914E+00
.9660E+03 .7502E+00 .5252E+00 .5030E-01 .4995E+00
.9670E+03 .7567E+00 .5293E+00 .5061E-01 .5034E+00
.9680E+03 .7556E+00 .6020E+00 .6050E-01 .5754E+00
.9690E+03 .7551E+00 .6241E+00 .6275E-01 .5966E+00
.9700E+03 .7543E+00 .5958E+00 .5916E-01 .5688E+00
.9710E+03 .7520E+00 .6371E+00 .6471E-01 .6097E+00
.9720E+03 .7537E+00 .6197E+00 .6233E-01 .5925E+00
.9730E+03 .7458E+00 .5816E+00 .5700E-01 .5545E+00
.9740E+03 .7367E+00 .5609E+00 .5421E-01 .5340E+00
.9750E+03 .7456E+00 .5678E+00 .5544E-01 .5412E+00
.9760E+03 .7414E+00 .5596E+00 .5398E-01 .5326E+00
.9770E+03 .7398E+00 .5928E+00 .5849E-01 .5655E+00
.9780E+03 .7387E+00 .5794E+00 .5646E-01 .5520E+00
.9790E+03 .7325E+00 .5931E+00 .5832E-01 .5656E+00
.9800E+03 .7363E+00 .5712E+00 .5547E-01 .5441E+00
.9810E+03 .7403E+00 .6303E+00 .6281E-01 .6019E+00
.9820E+03 .7378E+00 .6158E+00 .6070E-01 .5875E+00
.9830E+03 .7324E+00 .6003E+00 .5863E-01 .5721E+00
.9840E+03 .7314E+00 .6341E+00 .6339E-01 .6058E+00
.9850E+03 .7320E+00 .6121E+00 .6004E-01 .5836E+00
.9860E+03 .7266E+00 .6376E+00 .6389E-01 .6093E+00
.9870E+03 .7251E+00 .6323E+00 .6299E-01 .6038E+00
.9880E+03 .7261E+00 .6320E+00 .6280E-01 .6034E+00
.9890E+03 .7147E+00 .6307E+00 .6303E-01 .6025E+00
.9900E+03 .7177E+00 .6267E+00 .6215E-01 .5982E+00
.9910E+03 .7189E+00 .6337E+00 .6307E-01 .6051E+00
.9920E+03 .7212E+00 .6365E+00 .6327E-01 .6077E+00
.9930E+03 .7192E+00 .6303E+00 .6229E-01 .6014E+00
.9940E+03 .7192E+00 .6356E+00 .6300E-01 .6067E+00
.9950E+03 .7160E+00 .6337E+00 .6275E-01 .6048E+00
.9960E+03 .7155E+00 .6325E+00 .6249E-01 .6035E+00
.9970E+03 .7152E+00 .6327E+00 .6243E-01 .6037E+00
.9980E+03 .7127E+00 .6303E+00 .6206E-01 .6012E+00
.9990E+03 .7094E+00 .6278E+00 .6174E-01 .5988E+00
.1000E+04 .7085E+00 .6256E+00 .6135E-01 .5965E+00
.1001E+04 .7128E+00 .6312E+00 .6187E-01 .6018E+00
.1002E+04 .7097E+00 .6224E+00 .6061E-01 .5930E+00
.1003E+04 .7013E+00 .6208E+00 .6065E-01 .5917E+00
.1004E+04 .6884E+00 .6079E+00 .5920E-01 .5792E+00
.1005E+04 .6573E+00 .5827E+00 .5678E-01 .5552E+00
.1006E+04 .6863E+00 .6072E+00 .5901E-01 .5784E+00
.1007E+04 .6989E+00 .6192E+00 .6011E-01 .5898E+00
.1008E+04 .6984E+00 .6177E+00 .5982E-01 .5882E+00
.1009E+04 .6980E+00 .6161E+00 .5951E-01 .5865E+00
.1010E+04 .6969E+00 .6146E+00 .5924E-01 .5849E+00
.1011E+04 .6949E+00 .6163E+00 .5947E-01 .5866E+00
.1012E+04 .6924E+00 .6128E+00 .5897E-01 .5831E+00
.1013E+04 .6924E+00 .6145E+00 .5913E-01 .5848E+00
.1014E+04 .6875E+00 .6103E+00 .5863E-01 .5807E+00
.1015E+04 .6836E+00 .6067E+00 .5819E-01 .5772E+00
.1016E+04 .6809E+00 .6042E+00 .5785E-01 .5747E+00
.1017E+04 .6831E+00 .6062E+00 .5794E-01 .5765E+00
.1018E+04 .6786E+00 .6030E+00 .5758E-01 .5734E+00
.1019E+04 .6704E+00 .5934E+00 .5646E-01 .5641E+00
.1020E+04 .6760E+00 .6005E+00 .5715E-01 .5708E+00
.1021E+04 .6740E+00 .5992E+00 .5696E-01 .5695E+00
.1022E+04 .6709E+00 .5958E+00 .5651E-01 .5662E+00
.1023E+04 .6787E+00 .6025E+00 .5705E-01 .5725E+00
.1024E+04 .6764E+00 .5983E+00 .5644E-01 .5682E+00
.1025E+04 .6759E+00 .6011E+00 .5678E-01 .5710E+00
.1026E+04 .6745E+00 .5995E+00 .5652E-01 .5693E+00
.1027E+04 .6728E+00 .5981E+00 .5630E-01 .5679E+00
.1028E+04 .6719E+00 .5973E+00 .5613E-01 .5670E+00
.1029E+04 .6645E+00 .5906E+00 .5541E-01 .5606E+00
.1030E+04 .6667E+00 .5935E+00 .5563E-01 .5633E+00
.1031E+04 .6650E+00 .5917E+00 .5537E-01 .5615E+00
.1032E+04 .6623E+00 .5897E+00 .5510E-01 .5595E+00
.1033E+04 .6525E+00 .5810E+00 .5421E-01 .5512E+00
.1034E+04 .6523E+00 .5810E+00 .5413E-01 .5511E+00
.1035E+04 .6544E+00 .5829E+00 .5422E-01 .5528E+00
.1036E+04 .6584E+00 .5864E+00 .5445E-01 .5560E+00
.1037E+04 .6475E+00 .5766E+00 .5346E-01 .5467E+00
.1038E+04 .6506E+00 .5795E+00 .5365E-01 .5494E+00
.1039E+04 .6506E+00 .5795E+00 .5356E-01 .5492E+00
.1040E+04 .6481E+00 .5773E+00 .5327E-01 .5471E+00
.1041E+04 .6512E+00 .5799E+00 .5343E-01 .5495E+00
.1042E+04 .6467E+00 .5761E+00 .5299E-01 .5457E+00
.1043E+04 .6450E+00 .5745E+00 .5277E-01 .5442E+00
.1044E+04 .6476E+00 .5768E+00 .5289E-01 .5463E+00
.1045E+04 .6391E+00 .5692E+00 .5211E-01 .5390E+00
.1046E+04 .6325E+00 .5632E+00 .5148E-01 .5333E+00
.1047E+04 .6386E+00 .5686E+00 .5188E-01 .5383E+00
.1048E+04 .6425E+00 .5721E+00 .5211E-01 .5415E+00
.1049E+04 .6407E+00 .5701E+00 .5183E-01 .5395E+00
.1050E+04 .6383E+00 .5678E+00 .5153E-01 .5372E+00
