Wvlgth Extraterrestrial_spectrm Direct_normal_irradiance Difuse_horizn_irradiance Global_horizn_irradiance
.2800E+03 .8116E-01 .0000E+00 .5959E-23 .5959E-23
.2805E+03 .1058E+00 .0000E+00 .2592E-21 .2592E-21
.2810E+03 .1775E+00 .0000E+00 .1443E-20 .1443E-20
.2815E+03 .2493E+00 .0000E+00 .6069E-19 .6069E-19
.2820E+03 .3016E+00 .7287E-43 .5473E-18 .5473E-18
.2825E+03 .3250E+00 .1617E-41 .4540E-18 .4540E-18
.2830E+03 .3547E+00 .4970E-40 .6288E-18 .6288E-18
.2835E+03 .3334E+00 .2464E-39 .9044E-18 .9044E-18
.2840E+03 .3322E+00 .6740E-36 .1407E-16 .1407E-16
.2845E+03 .2601E+00 .1763E-34 .4222E-16 .4222E-16
.2850E+03 .1226E+00 .3892E-33 .9105E-16 .9105E-16
.2855E+03 .1424E+00 .4267E-31 .5880E-15 .5880E-15
.2860E+03 .3110E+00 .5632E-30 .2273E-14 .2273E-14
.2865E+03 .3704E+00 .2973E-28 .1037E-13 .1037E-13
.2870E+03 .3908E+00 .5030E-27 .3083E-13 .3083E-13
.2875E+03 .3912E+00 .1955E-25 .1279E-12 .1279E-12
.2880E+03 .2590E+00 .1301E-23 .5371E-12 .5371E-12
.2885E+03 .3712E+00 .2086E-22 .2030E-11 .2030E-11
.2890E+03 .4346E+00 .3032E-21 .5472E-11 .5472E-11
.2895E+03 .5080E+00 .5553E-20 .1664E-10 .1664E-10
.2900E+03 .6390E+00 .6728E-19 .4768E-10 .4768E-10
.2905E+03 .6681E+00 .4609E-18 .1001E-09 .1001E-09
.2910E+03 .6307E+00 .4239E-17 .2252E-09 .2252E-09
.2915E+03 .6227E+00 .7761E-16 .6983E-09 .6983E-09
.2920E+03 .5925E+00 .7909E-15 .1696E-08 .1696E-08
.2925E+03 .5136E+00 .2545E-14 .2164E-08 .2164E-08
.2930E+03 .5867E+00 .1601E-13 .4887E-08 .4887E-08
.2935E+03 .5958E+00 .1673E-12 .1280E-07 .1280E-07
.2940E+03 .5213E+00 .6933E-12 .2089E-07 .2089E-07
.2945E+03 .5621E+00 .2419E-11 .3726E-07 .3726E-07
.2950E+03 .5338E+00 .1020E-10 .6611E-07 .6611E-07
.2955E+03 .6021E+00 .7323E-10 .1626E-06 .1626E-06
.2960E+03 .6424E+00 .2725E-09 .2932E-06 .2933E-06
.2965E+03 .5096E+00 .7060E-09 .3080E-06 .3082E-06
.2970E+03 .4387E+00 .1557E-08 .4321E-06 .4327E-06
.2975E+03 .6182E+00 .8255E-08 .1228E-05 .1231E-05
.2980E+03 .5769E+00 .2234E-07 .2029E-05 .2036E-05
.2985E+03 .3918E+00 .3329E-07 .2110E-05 .2121E-05
.2990E+03 .5966E+00 .1057E-06 .4810E-05 .4844E-05
.2995E+03 .5394E+00 .3165E-06 .8575E-05 .8678E-05
.3000E+03 .4309E+00 .4452E-06 .9469E-05 .9614E-05
.3005E+03 .4542E+00 .8601E-06 .1422E-04 .1450E-04
.3010E+03 .5109E+00 .2326E-05 .2726E-04 .2801E-04
.3015E+03 .5477E+00 .5060E-05 .4560E-04 .4725E-04
.3020E+03 .3872E+00 .5006E-05 .3986E-04 .4149E-04
.3025E+03 .5624E+00 .1339E-04 .8706E-04 .9141E-04
.3030E+03 .7000E+00 .3510E-04 .1655E-03 .1770E-03
.3035E+03 .7123E+00 .5428E-04 .2137E-03 .2314E-03
.3040E+03 .5970E+00 .5573E-04 .2003E-03 .2184E-03
.3045E+03 .6704E+00 .1026E-03 .3184E-03 .3517E-03
.3050E+03 .6961E+00 .2021E-03 .5631E-03 .6288E-03
.3055E+03 .6335E+00 .2694E-03 .7095E-03 .7970E-03
.3060E+03 .5609E+00 .2775E-03 .7105E-03 .8007E-03
.3065E+03 .6059E+00 .3807E-03 .9435E-03 .1067E-02
.3070E+03 .6664E+00 .6789E-03 .1625E-02 .1846E-02
.3075E+03 .6739E+00 .1057E-02 .2499E-02 .2842E-02
.3080E+03 .6789E+00 .1151E-02 .2681E-02 .3054E-02
.3085E+03 .7036E+00 .1469E-02 .3404E-02 .3881E-02
.3090E+03 .5813E+00 .1429E-02 .3295E-02 .3759E-02
.3095E+03 .5310E+00 .2040E-02 .4809E-02 .5472E-02
.3100E+03 .4808E+00 .2267E-02 .5060E-02 .5796E-02
.3105E+03 .7390E+00 .3868E-02 .8358E-02 .9615E-02
.3110E+03 .8520E+00 .5262E-02 .1090E-01 .1261E-01
.3115E+03 .7906E+00 .5282E-02 .1065E-01 .1237E-01
.3120E+03 .6638E+00 .6114E-02 .1161E-01 .1360E-01
.3125E+03 .7205E+00 .8158E-02 .1493E-01 .1758E-01
.3130E+03 .7355E+00 .9304E-02 .1662E-01 .1964E-01
.3135E+03 .7502E+00 .8774E-02 .1558E-01 .1843E-01
.3140E+03 .8204E+00 .1216E-01 .2087E-01 .2483E-01
.3145E+03 .6131E+00 .1214E-01 .2029E-01 .2424E-01
.3150E+03 .7796E+00 .1639E-01 .2696E-01 .3228E-01
.3155E+03 .7034E+00 .1317E-01 .2141E-01 .2569E-01
.3160E+03 .5358E+00 .1265E-01 .2018E-01 .2429E-01
.3165E+03 .6856E+00 .1954E-01 .3091E-01 .3726E-01
.3170E+03 .8507E+00 .2441E-01 .3808E-01 .4602E-01
.3175E+03 .9101E+00 .2521E-01 .3867E-01 .4687E-01
.3180E+03 .6560E+00 .2073E-01 .3153E-01 .3827E-01
.3185E+03 .7055E+00 .2791E-01 .4272E-01 .5179E-01
.3190E+03 .7789E+00 .3449E-01 .5285E-01 .6406E-01
.3195E+03 .7064E+00 .2696E-01 .3978E-01 .4854E-01
.3200E+03 .8651E+00 .3264E-01 .4735E-01 .5796E-01
.3205E+03 .9389E+00 .4404E-01 .6489E-01 .7920E-01
.3210E+03 .7397E+00 .4148E-01 .6269E-01 .7617E-01
.3215E+03 .6981E+00 .4032E-01 .6029E-01 .7340E-01
.3220E+03 .8427E+00 .4126E-01 .5833E-01 .7174E-01
.3225E+03 .7255E+00 .3641E-01 .5087E-01 .6270E-01
.3230E+03 .6619E+00 .3792E-01 .5365E-01 .6597E-01
.3235E+03 .7064E+00 .4933E-01 .7015E-01 .8618E-01
.3240E+03 .8081E+00 .5854E-01 .8223E-01 .1013E+00
.3245E+03 .8549E+00 .5866E-01 .8125E-01 .1003E+00
.3250E+03 .8110E+00 .4971E-01 .6704E-01 .8319E-01
.3255E+03 .9735E+00 .6606E-01 .9028E-01 .1117E+00
.3260E+03 .1088E+01 .8431E-01 .1126E+00 .1400E+00
.3265E+03 .1031E+01 .8703E-01 .1158E+00 .1441E+00
.3270E+03 .1044E+01 .8690E-01 .1136E+00 .1419E+00
.3275E+03 .1030E+01 .8388E-01 .1078E+00 .1351E+00
.3280E+03 .9857E+00 .7266E-01 .9353E-01 .1171E+00
.3285E+03 .9447E+00 .8064E-01 .1013E+00 .1275E+00
.3290E+03 .1059E+01 .9955E-01 .1258E+00 .1581E+00
.3295E+03 .1178E+01 .1144E+00 .1439E+00 .1811E+00
.3300E+03 .1202E+01 .1160E+00 .1432E+00 .1809E+00
.3305E+03 .1006E+01 .9224E-01 .1107E+00 .1407E+00
.3310E+03 .1040E+01 .9421E-01 .1113E+00 .1419E+00
.3315E+03 .1015E+01 .9814E-01 .1155E+00 .1474E+00
.3320E+03 .1041E+01 .1086E+00 .1287E+00 .1640E+00
.3325E+03 .1006E+01 .1088E+00 .1289E+00 .1643E+00
.3330E+03 .1013E+01 .1091E+00 .1269E+00 .1624E+00
.3335E+03 .9480E+00 .9861E-01 .1116E+00 .1436E+00
.3340E+03 .9741E+00 .1018E+00 .1136E+00 .1467E+00
.3345E+03 .1076E+01 .1199E+00 .1345E+00 .1735E+00
.3350E+03 .9865E+00 .1140E+00 .1282E+00 .1653E+00
.3355E+03 .1109E+01 .1312E+00 .1510E+00 .1937E+00
.3360E+03 .7651E+00 .9154E-01 .1043E+00 .1340E+00
.3365E+03 .9361E+00 .1105E+00 .1192E+00 .1551E+00
.3370E+03 .7785E+00 .9112E-01 .9623E-01 .1258E+00
.3375E+03 .9715E+00 .1141E+00 .1188E+00 .1559E+00
.3380E+03 .9169E+00 .1131E+00 .1186E+00 .1553E+00
.3385E+03 .1025E+01 .1294E+00 .1383E+00 .1803E+00
.3390E+03 .1015E+01 .1301E+00 .1362E+00 .1785E+00
.3395E+03 .9703E+00 .1257E+00 .1308E+00 .1717E+00
.3400E+03 .1172E+01 .1507E+00 .1515E+00 .2004E+00
.3405E+03 .1051E+01 .1370E+00 .1365E+00 .1811E+00
.3410E+03 .9972E+00 .1335E+00 .1341E+00 .1775E+00
.3415E+03 .9186E+00 .1251E+00 .1226E+00 .1632E+00
.3420E+03 .1097E+01 .1510E+00 .1460E+00 .1951E+00
.3425E+03 .1024E+01 .1429E+00 .1363E+00 .1827E+00
.3430E+03 .1121E+01 .1574E+00 .1496E+00 .2008E+00
.3435E+03 .1052E+01 .1485E+00 .1407E+00 .1889E+00
.3440E+03 .7928E+00 .1108E+00 .1027E+00 .1388E+00
.3445E+03 .7774E+00 .1112E+00 .1047E+00 .1409E+00
.3450E+03 .1032E+01 .1508E+00 .1377E+00 .1867E+00
.3455E+03 .1053E+01 .1560E+00 .1401E+00 .1908E+00
.3460E+03 .8938E+00 .1340E+00 .1187E+00 .1623E+00
.3465E+03 .1010E+01 .1531E+00 .1340E+00 .1838E+00
.3470E+03 .1080E+01 .1647E+00 .1436E+00 .1971E+00
.3475E+03 .8704E+00 .1339E+00 .1158E+00 .1593E+00
.3480E+03 .9928E+00 .1547E+00 .1316E+00 .1819E+00
.3485E+03 .9921E+00 .1561E+00 .1312E+00 .1819E+00
.3490E+03 .9182E+00 .1460E+00 .1214E+00 .1688E+00
.3495E+03 .9062E+00 .1456E+00 .1198E+00 .1672E+00
.3500E+03 .1118E+01 .1814E+00 .1478E+00 .2068E+00
.3505E+03 .1177E+01 .1926E+00 .1555E+00 .2180E+00
.3510E+03 .1049E+01 .1727E+00 .1385E+00 .1946E+00
.3515E+03 .1015E+01 .1677E+00 .1344E+00 .1889E+00
.3520E+03 .1089E+01 .1823E+00 .1439E+00 .2031E+00
.3525E+03 .8493E+00 .1437E+00 .1119E+00 .1586E+00
.3530E+03 .1068E+01 .1825E+00 .1406E+00 .1999E+00
.3535E+03 .1140E+01 .1963E+00 .1498E+00 .2136E+00
.3540E+03 .1182E+01 .2048E+00 .1550E+00 .2216E+00
.3545E+03 .1198E+01 .2092E+00 .1569E+00 .2249E+00
.3550E+03 .1192E+01 .2099E+00 .1560E+00 .2242E+00
.3555E+03 .1074E+01 .1912E+00 .1407E+00 .2029E+00
.3560E+03 .1121E+01 .2017E+00 .1470E+00 .2125E+00
.3565E+03 .9564E+00 .1733E+00 .1252E+00 .1815E+00
.3570E+03 .7898E+00 .1440E+00 .1032E+00 .1500E+00
.3575E+03 .9660E+00 .1775E+00 .1261E+00 .1837E+00
.3580E+03 .7646E+00 .1416E+00 .9971E-01 .1457E+00
.3585E+03 .6526E+00 .1218E+00 .8502E-01 .1246E+00
.3590E+03 .9119E+00 .1713E+00 .1187E+00 .1743E+00
.3595E+03 .1161E+01 .2194E+00 .1508E+00 .2221E+00
.3600E+03 .1229E+01 .2341E+00 .1595E+00 .2356E+00
.3605E+03 .9811E+00 .1882E+00 .1272E+00 .1884E+00
.3610E+03 .8924E+00 .1727E+00 .1156E+00 .1718E+00
.3615E+03 .1024E+01 .2001E+00 .1327E+00 .1978E+00
.3620E+03 .8820E+00 .1741E+00 .1144E+00 .1710E+00
.3625E+03 .1217E+01 .2423E+00 .1578E+00 .2366E+00
.3630E+03 .1089E+01 .2189E+00 .1413E+00 .2125E+00
.3635E+03 .1001E+01 .2028E+00 .1298E+00 .1957E+00
.3640E+03 .1221E+01 .2494E+00 .1583E+00 .2393E+00
.3645E+03 .1042E+01 .2143E+00 .1349E+00 .2045E+00
.3650E+03 .1059E+01 .2194E+00 .1370E+00 .2083E+00
.3655E+03 .1327E+01 .2768E+00 .1715E+00 .2615E+00
.3660E+03 .1403E+01 .2950E+00 .1813E+00 .2771E+00
.3665E+03 .1315E+01 .2787E+00 .1698E+00 .2604E+00
.3670E+03 .1279E+01 .2727E+00 .1649E+00 .2535E+00
.3675E+03 .1325E+01 .2842E+00 .1706E+00 .2630E+00
.3680E+03 .1158E+01 .2499E+00 .1488E+00 .2300E+00
.3685E+03 .1166E+01 .2536E+00 .1498E+00 .2323E+00
.3690E+03 .1257E+01 .2755E+00 .1615E+00 .2510E+00
.3695E+03 .1338E+01 .2955E+00 .1718E+00 .2678E+00
.3700E+03 .1423E+01 .3169E+00 .1827E+00 .2857E+00
.3705E+03 .1103E+01 .2474E+00 .1415E+00 .2219E+00
.3710E+03 .1176E+01 .2658E+00 .1508E+00 .2372E+00
.3715E+03 .1470E+01 .3341E+00 .1882E+00 .2968E+00
.3720E+03 .9746E+00 .2228E+00 .1246E+00 .1970E+00
.3725E+03 .1167E+01 .2685E+00 .1491E+00 .2363E+00
.3730E+03 .1184E+01 .2746E+00 .1513E+00 .2405E+00
.3735E+03 .7692E+00 .1796E+00 .9817E-01 .1566E+00
.3740E+03 .1116E+01 .2623E+00 .1423E+00 .2275E+00
.3745E+03 .9226E+00 .2184E+00 .1176E+00 .1885E+00
.3750E+03 .8958E+00 .2133E+00 .1140E+00 .1833E+00
.3755E+03 .1336E+01 .3198E+00 .1698E+00 .2737E+00
.3760E+03 .1107E+01 .2664E+00 .1404E+00 .2270E+00
.3765E+03 .1146E+01 .2773E+00 .1452E+00 .2353E+00
.3770E+03 .1211E+01 .2951E+00 .1534E+00 .2493E+00
.3775E+03 .1415E+01 .3471E+00 .1790E+00 .2918E+00
.3780E+03 .1533E+01 .3780E+00 .1936E+00 .3165E+00
.3785E+03 .1448E+01 .3590E+00 .1826E+00 .2993E+00
.3790E+03 .1195E+01 .2976E+00 .1504E+00 .2471E+00
.3795E+03 .1091E+01 .2730E+00 .1371E+00 .2258E+00
.3800E+03 .1134E+01 .2851E+00 .1422E+00 .2349E+00
.3805E+03 .1371E+01 .3469E+00 .1718E+00 .2846E+00
.3810E+03 .1371E+01 .3494E+00 .1718E+00 .2853E+00
.3815E+03 .1084E+01 .2782E+00 .1358E+00 .2262E+00
.3820E+03 .9608E+00 .2482E+00 .1203E+00 .2009E+00
.3825E+03 .8171E+00 .2126E+00 .1022E+00 .1713E+00
.3830E+03 .7551E+00 .1977E+00 .9440E-01 .1586E+00
.3835E+03 .7262E+00 .1912E+00 .9068E-01 .1528E+00
.3840E+03 .8000E+00 .2118E+00 .9977E-01 .1686E+00
.3845E+03 .1175E+01 .3128E+00 .1464E+00 .2481E+00
.3850E+03 .1164E+01 .3116E+00 .1448E+00 .2461E+00
.3855E+03 .1082E+01 .2916E+00 .1346E+00 .2293E+00
.3860E+03 .9254E+00 .2509E+00 .1150E+00 .1965E+00
.3865E+03 .1213E+01 .3312E+00 .1507E+00 .2584E+00
.3870E+03 .1008E+01 .2763E+00 .1250E+00 .2148E+00
.3875E+03 .1131E+01 .3117E+00 .1400E+00 .2413E+00
.3880E+03 .1043E+01 .2890E+00 .1290E+00 .2229E+00
.3885E+03 .1029E+01 .2870E+00 .1272E+00 .2205E+00
.3890E+03 .1110E+01 .3110E+00 .1370E+00 .2381E+00
.3895E+03 .1343E+01 .3783E+00 .1656E+00 .2885E+00
.3900E+03 .1346E+01 .3813E+00 .1658E+00 .2897E+00
.3905E+03 .1237E+01 .3523E+00 .1522E+00 .2667E+00
.3910E+03 .1454E+01 .4165E+00 .1788E+00 .3141E+00
.3915E+03 .1482E+01 .4264E+00 .1819E+00 .3205E+00
.3920E+03 .1248E+01 .3605E+00 .1529E+00 .2700E+00
.3925E+03 .1115E+01 .3242E+00 .1365E+00 .2419E+00
.3930E+03 .6195E+00 .1812E+00 .7580E-01 .1347E+00
.3935E+03 .4497E+00 .1322E+00 .5497E-01 .9794E-01
.3940E+03 .9141E+00 .2701E+00 .1116E+00 .1994E+00
.3945E+03 .1161E+01 .3447E+00 .1415E+00 .2536E+00
.3950E+03 .1415E+01 .4221E+00 .1723E+00 .3095E+00
.3955E+03 .1437E+01 .4302E+00 .1746E+00 .3144E+00
.3960E+03 .1244E+01 .3744E+00 .1510E+00 .2727E+00
.3965E+03 .7261E+00 .2199E+00 .8809E-01 .1595E+00
.3970E+03 .5442E+00 .1656E+00 .6596E-01 .1198E+00
.3975E+03 .1106E+01 .3381E+00 .1338E+00 .2437E+00
.3980E+03 .1549E+01 .4749E+00 .1870E+00 .3413E+00
.3985E+03 .1599E+01 .4925E+00 .1928E+00 .3529E+00
.3990E+03 .1728E+01 .5358E+00 .2083E+00 .3824E+00
.3995E+03 .1720E+01 .5359E+00 .2071E+00 .3812E+00
.4000E+03 .1786E+01 .5580E+00 .2146E+00 .3959E+00
.4010E+03 .1830E+01 .5772E+00 .2190E+00 .4065E+00
.4020E+03 .1925E+01 .6135E+00 .2300E+00 .4294E+00
.4030E+03 .1824E+01 .5870E+00 .2175E+00 .4082E+00
.4040E+03 .1793E+01 .5816E+00 .2132E+00 .4022E+00
.4050E+03 .1790E+01 .5851E+00 .2122E+00 .4023E+00
.4060E+03 .1755E+01 .5797E+00 .2078E+00 .3962E+00
.4070E+03 .1722E+01 .5744E+00 .2034E+00 .3901E+00
.4080E+03 .1789E+01 .6000E+00 .2104E+00 .4054E+00
.4090E+03 .1911E+01 .6462E+00 .2241E+00 .4341E+00
.4100E+03 .1665E+01 .5680E+00 .1949E+00 .3795E+00
.4110E+03 .1800E+01 .6191E+00 .2101E+00 .4113E+00
.4120E+03 .1927E+01 .6692E+00 .2246E+00 .4421E+00
.4130E+03 .1879E+01 .6559E+00 .2181E+00 .4313E+00
.4140E+03 .1897E+01 .6682E+00 .2198E+00 .4370E+00
.4150E+03 .1897E+01 .6739E+00 .2193E+00 .4383E+00
.4160E+03 .1925E+01 .6901E+00 .2221E+00 .4464E+00
.4170E+03 .1875E+01 .6768E+00 .2156E+00 .4356E+00
.4180E+03 .1838E+01 .6680E+00 .2107E+00 .4278E+00
.4190E+03 .1859E+01 .6805E+00 .2125E+00 .4337E+00
.4200E+03 .1849E+01 .6811E+00 .2107E+00 .4320E+00
.4210E+03 .1930E+01 .7165E+00 .2194E+00 .4523E+00
.4220E+03 .1832E+01 .6846E+00 .2075E+00 .4300E+00
.4230E+03 .1786E+01 .6723E+00 .2017E+00 .4202E+00
.4240E+03 .1888E+01 .7147E+00 .2123E+00 .4446E+00
.4250E+03 .1881E+01 .7175E+00 .2109E+00 .4441E+00
.4260E+03 .1826E+01 .7028E+00 .2045E+00 .4329E+00
.4270E+03 .1790E+01 .6928E+00 .1998E+00 .4249E+00
.4280E+03 .1742E+01 .6779E+00 .1938E+00 .4141E+00
.4290E+03 .1645E+01 .6458E+00 .1828E+00 .3927E+00
.4300E+03 .1437E+01 .5678E+00 .1592E+00 .3438E+00
.4310E+03 .1424E+01 .5651E+00 .1571E+00 .3408E+00
.4320E+03 .1834E+01 .7337E+00 .2019E+00 .4403E+00
.4330E+03 .1841E+01 .7412E+00 .2020E+00 .4429E+00
.4340E+03 .1709E+01 .6911E+00 .1868E+00 .4114E+00
.4350E+03 .1784E+01 .7246E+00 .1943E+00 .4297E+00
.4360E+03 .2005E+01 .8207E+00 .2179E+00 .4846E+00
.4370E+03 .1972E+01 .8136E+00 .2139E+00 .4783E+00
.4380E+03 .1792E+01 .7442E+00 .1937E+00 .4355E+00
.4390E+03 .1857E+01 .7715E+00 .1993E+00 .4500E+00
.4400E+03 .1912E+01 .7999E+00 .2045E+00 .4645E+00
.4410E+03 .1976E+01 .8333E+00 .2108E+00 .4816E+00
.4420E+03 .2116E+01 .8978E+00 .2250E+00 .5167E+00
.4430E+03 .2064E+01 .8789E+00 .2185E+00 .5041E+00
.4440E+03 .2104E+01 .9005E+00 .2221E+00 .5147E+00
.4450E+03 .2060E+01 .8841E+00 .2166E+00 .5039E+00
.4460E+03 .1959E+01 .8480E+00 .2060E+00 .4816E+00
.4470E+03 .2112E+01 .9201E+00 .2215E+00 .5205E+00
.4480E+03 .2149E+01 .9366E+00 .2239E+00 .5283E+00
.4490E+03 .2149E+01 .9450E+00 .2235E+00 .5306E+00
.4500E+03 .2204E+01 .9755E+00 .2286E+00 .5456E+00
.4510E+03 .2284E+01 .1015E+01 .2359E+00 .5659E+00
.4520E+03 .2198E+01 .9818E+00 .2264E+00 .5455E+00
.4530E+03 .2065E+01 .9269E+00 .2120E+00 .5133E+00
.4540E+03 .2151E+01 .9714E+00 .2204E+00 .5361E+00
.4550E+03 .2163E+01 .9806E+00 .2205E+00 .5392E+00
.4560E+03 .2212E+01 .1008E+01 .2246E+00 .5520E+00
.4570E+03 .2247E+01 .1028E+01 .2269E+00 .5609E+00
.4580E+03 .2172E+01 .9953E+00 .2179E+00 .5413E+00
.4590E+03 .2158E+01 .9935E+00 .2153E+00 .5381E+00
.4600E+03 .2164E+01 .9990E+00 .2145E+00 .5392E+00
.4610E+03 .2212E+01 .1025E+01 .2182E+00 .5514E+00
.4620E+03 .2224E+01 .1037E+01 .2188E+00 .5559E+00
.4630E+03 .2210E+01 .1032E+01 .2166E+00 .5521E+00
.4640E+03 .2167E+01 .1019E+01 .2123E+00 .5435E+00
.4650E+03 .2134E+01 .1010E+01 .2090E+00 .5373E+00
.4660E+03 .2151E+01 .1024E+01 .2102E+00 .5429E+00
.4670E+03 .2113E+01 .1007E+01 .2054E+00 .5328E+00
.4680E+03 .2137E+01 .1023E+01 .2067E+00 .5391E+00
.4690E+03 .2147E+01 .1032E+01 .2067E+00 .5419E+00
.4700E+03 .2079E+01 .1002E+01 .1992E+00 .5248E+00
.4710E+03 .2075E+01 .1003E+01 .1980E+00 .5241E+00
.4720E+03 .2187E+01 .1060E+01 .2078E+00 .5523E+00
.4730E+03 .2159E+01 .1050E+01 .2044E+00 .5455E+00
.4740E+03 .2166E+01 .1053E+01 .2038E+00 .5460E+00
.4750E+03 .2189E+01 .1065E+01 .2046E+00 .5506E+00
.4760E+03 .2129E+01 .1036E+01 .1974E+00 .5340E+00
.4770E+03 .2138E+01 .1041E+01 .1968E+00 .5352E+00
.4780E+03 .2194E+01 .1073E+01 .2007E+00 .5493E+00
.4790E+03 .2175E+01 .1068E+01 .1977E+00 .5449E+00
.4800E+03 .2174E+01 .1072E+01 .1964E+00 .5449E+00
.4810E+03 .2209E+01 .1095E+01 .1986E+00 .5545E+00
.4820E+03 .2214E+01 .1104E+01 .1984E+00 .5571E+00
.4830E+03 .2181E+01 .1094E+01 .1951E+00 .5506E+00
.4840E+03 .2133E+01 .1075E+01 .1905E+00 .5398E+00
.4850E+03 .2030E+01 .1027E+01 .1811E+00 .5149E+00
.4860E+03 .1771E+01 .9003E+00 .1579E+00 .4505E+00
.4870E+03 .1853E+01 .9463E+00 .1649E+00 .4724E+00
.4880E+03 .2033E+01 .1040E+01 .1801E+00 .5181E+00
.4890E+03 .2041E+01 .1045E+01 .1798E+00 .5194E+00
.4900E+03 .2143E+01 .1102E+01 .1880E+00 .5462E+00
.4910E+03 .2103E+01 .1086E+01 .1838E+00 .5368E+00
.4920E+03 .1985E+01 .1028E+01 .1728E+00 .5069E+00
.4930E+03 .2049E+01 .1064E+01 .1777E+00 .5235E+00
.4940E+03 .2069E+01 .1077E+01 .1787E+00 .5287E+00
.4950E+03 .2085E+01 .1088E+01 .1794E+00 .5331E+00
.4960E+03 .2098E+01 .1097E+01 .1796E+00 .5360E+00
.4970E+03 .2130E+01 .1116E+01 .1813E+00 .5441E+00
.4980E+03 .2030E+01 .1066E+01 .1716E+00 .5181E+00
.4990E+03 .2056E+01 .1082E+01 .1725E+00 .5240E+00
.5000E+03 .1999E+01 .1052E+01 .1667E+00 .5085E+00
.5010E+03 .1964E+01 .1034E+01 .1624E+00 .4984E+00
.5020E+03 .1943E+01 .1022E+01 .1590E+00 .4910E+00
.5030E+03 .2029E+01 .1066E+01 .1645E+00 .5109E+00
.5040E+03 .2000E+01 .1047E+01 .1606E+00 .5010E+00
.5050E+03 .2051E+01 .1079E+01 .1641E+00 .5147E+00
.5060E+03 .2119E+01 .1118E+01 .1690E+00 .5324E+00
.5070E+03 .2015E+01 .1068E+01 .1605E+00 .5075E+00
.5080E+03 .1946E+01 .1036E+01 .1550E+00 .4918E+00
.5090E+03 .1995E+01 .1067E+01 .1588E+00 .5055E+00
.5100E+03 .1981E+01 .1062E+01 .1574E+00 .5027E+00
.5110E+03 .2030E+01 .1092E+01 .1608E+00 .5156E+00
.5120E+03 .2049E+01 .1106E+01 .1619E+00 .5212E+00
.5130E+03 .1939E+01 .1049E+01 .1526E+00 .4936E+00
.5140E+03 .1923E+01 .1044E+01 .1508E+00 .4900E+00
.5150E+03 .1903E+01 .1035E+01 .1486E+00 .4850E+00
.5160E+03 .1899E+01 .1035E+01 .1476E+00 .4839E+00
.5170E+03 .1686E+01 .9212E+00 .1305E+00 .4299E+00
.5180E+03 .1773E+01 .9703E+00 .1367E+00 .4520E+00
.5190E+03 .1860E+01 .1019E+01 .1427E+00 .4739E+00
.5200E+03 .1928E+01 .1057E+01 .1472E+00 .4908E+00
.5210E+03 .1947E+01 .1069E+01 .1478E+00 .4951E+00
.5220E+03 .1950E+01 .1071E+01 .1471E+00 .4950E+00
.5230E+03 .1916E+01 .1054E+01 .1438E+00 .4862E+00
.5240E+03 .1987E+01 .1093E+01 .1481E+00 .5034E+00
.5250E+03 .2015E+01 .1107E+01 .1488E+00 .5086E+00
.5260E+03 .1926E+01 .1058E+01 .1412E+00 .4850E+00
.5270E+03 .1819E+01 .9975E+00 .1321E+00 .4563E+00
.5280E+03 .1926E+01 .1055E+01 .1387E+00 .4814E+00
.5290E+03 .2033E+01 .1112E+01 .1452E+00 .5065E+00
.5300E+03 .2005E+01 .1097E+01 .1423E+00 .4989E+00
.5310E+03 .2036E+01 .1115E+01 .1435E+00 .5059E+00
.5320E+03 .1966E+01 .1078E+01 .1378E+00 .4883E+00
.5330E+03 .1909E+01 .1049E+01 .1332E+00 .4740E+00
.5340E+03 .1963E+01 .1081E+01 .1365E+00 .4880E+00
.5350E+03 .2004E+01 .1106E+01 .1389E+00 .4984E+00
.5360E+03 .2020E+01 .1118E+01 .1395E+00 .5028E+00
.5370E+03 .1939E+01 .1076E+01 .1335E+00 .4831E+00
.5380E+03 .1972E+01 .1097E+01 .1353E+00 .4920E+00
.5390E+03 .1955E+01 .1091E+01 .1336E+00 .4881E+00
.5400E+03 .1875E+01 .1048E+01 .1275E+00 .4681E+00
.5410E+03 .1894E+01 .1059E+01 .1280E+00 .4720E+00
.5420E+03 .1956E+01 .1093E+01 .1313E+00 .4866E+00
.5430E+03 .1930E+01 .1081E+01 .1288E+00 .4803E+00
.5440E+03 .1969E+01 .1103E+01 .1306E+00 .4890E+00
.5450E+03 .1961E+01 .1099E+01 .1293E+00 .4864E+00
.5460E+03 .1975E+01 .1105E+01 .1293E+00 .4885E+00
.5470E+03 .1970E+01 .1102E+01 .1282E+00 .4865E+00
.5480E+03 .1944E+01 .1089E+01 .1259E+00 .4799E+00
.5490E+03 .1948E+01 .1095E+01 .1257E+00 .4815E+00
.5500E+03 .1971E+01 .1110E+01 .1267E+00 .4875E+00
.5510E+03 .1946E+01 .1098E+01 .1245E+00 .4814E+00
.5520E+03 .1959E+01 .1107E+01 .1247E+00 .4845E+00
.5530E+03 .1925E+01 .1088E+01 .1218E+00 .4755E+00
.5540E+03 .1972E+01 .1114E+01 .1240E+00 .4862E+00
.5550E+03 .1977E+01 .1117E+01 .1235E+00 .4864E+00
.5560E+03 .1952E+01 .1103E+01 .1211E+00 .4795E+00
.5570E+03 .1893E+01 .1069E+01 .1166E+00 .4641E+00
.5580E+03 .1882E+01 .1061E+01 .1149E+00 .4596E+00
.5590E+03 .1850E+01 .1041E+01 .1120E+00 .4501E+00
.5600E+03 .1874E+01 .1055E+01 .1126E+00 .4555E+00
.5610E+03 .1901E+01 .1070E+01 .1133E+00 .4612E+00
.5620E+03 .1891E+01 .1063E+01 .1117E+00 .4573E+00
.5630E+03 .1947E+01 .1093E+01 .1141E+00 .4693E+00
.5640E+03 .1897E+01 .1064E+01 .1103E+00 .4561E+00
.5650E+03 .1884E+01 .1056E+01 .1087E+00 .4518E+00
.5660E+03 .1859E+01 .1041E+01 .1065E+00 .4448E+00
.5670E+03 .1898E+01 .1062E+01 .1079E+00 .4530E+00
.5680E+03 .1892E+01 .1055E+01 .1066E+00 .4495E+00
.5690E+03 .1869E+01 .1038E+01 .1043E+00 .4416E+00
.5700E+03 .1865E+01 .1035E+01 .1034E+00 .4397E+00
.5710E+03 .1848E+01 .1025E+01 .1017E+00 .4349E+00
.5720E+03 .1906E+01 .1054E+01 .1041E+00 .4466E+00
.5730E+03 .1929E+01 .1066E+01 .1047E+00 .4510E+00
.5740E+03 .1926E+01 .1063E+01 .1039E+00 .4493E+00
.5750E+03 .1895E+01 .1044E+01 .1017E+00 .4410E+00
.5760E+03 .1878E+01 .1035E+01 .1004E+00 .4367E+00
.5770E+03 .1896E+01 .1047E+01 .1011E+00 .4413E+00
.5780E+03 .1862E+01 .1032E+01 .9914E-01 .4346E+00
.5790E+03 .1860E+01 .1038E+01 .9908E-01 .4364E+00
.5800E+03 .1881E+01 .1059E+01 .1004E+00 .4446E+00
.5810E+03 .1880E+01 .1066E+01 .1005E+00 .4470E+00
.5820E+03 .1905E+01 .1090E+01 .1020E+00 .4561E+00
.5830E+03 .1902E+01 .1095E+01 .1019E+00 .4579E+00
.5840E+03 .1914E+01 .1107E+01 .1024E+00 .4623E+00
.5850E+03 .1864E+01 .1082E+01 .9957E-01 .4512E+00
.5860E+03 .1826E+01 .1061E+01 .9719E-01 .4420E+00
.5870E+03 .1872E+01 .1086E+01 .9915E-01 .4521E+00
.5880E+03 .1855E+01 .1070E+01 .9743E-01 .4450E+00
.5890E+03 .1703E+01 .9663E+00 .8819E-01 .4022E+00
.5900E+03 .1775E+01 .1011E+01 .9168E-01 .4201E+00
.5910E+03 .1843E+01 .1060E+01 .9527E-01 .4398E+00
.5920E+03 .1841E+01 .1055E+01 .9443E-01 .4374E+00
.5930E+03 .1845E+01 .1063E+01 .9433E-01 .4398E+00
.5940E+03 .1842E+01 .1061E+01 .9353E-01 .4384E+00
.5950E+03 .1812E+01 .1041E+01 .9128E-01 .4295E+00
.5960E+03 .1840E+01 .1064E+01 .9244E-01 .4383E+00
.5970E+03 .1828E+01 .1055E+01 .9118E-01 .4342E+00
.5980E+03 .1811E+01 .1051E+01 .8997E-01 .4315E+00
.5990E+03 .1806E+01 .1051E+01 .8931E-01 .4308E+00
.6000E+03 .1797E+01 .1049E+01 .8852E-01 .4294E+00
.6010E+03 .1774E+01 .1037E+01 .8702E-01 .4241E+00
.6020E+03 .1761E+01 .1029E+01 .8597E-01 .4204E+00
.6030E+03 .1786E+01 .1044E+01 .8686E-01 .4263E+00
.6040E+03 .1814E+01 .1061E+01 .8792E-01 .4326E+00
.6050E+03 .1803E+01 .1057E+01 .8723E-01 .4307E+00
.6060E+03 .1792E+01 .1058E+01 .8684E-01 .4307E+00
.6070E+03 .1805E+01 .1074E+01 .8772E-01 .4369E+00
.6080E+03 .1781E+01 .1067E+01 .8673E-01 .4335E+00
.6090E+03 .1781E+01 .1072E+01 .8685E-01 .4352E+00
.6100E+03 .1765E+01 .1066E+01 .8610E-01 .4324E+00
.6110E+03 .1772E+01 .1074E+01 .8655E-01 .4356E+00
.6120E+03 .1765E+01 .1072E+01 .8621E-01 .4347E+00
.6130E+03 .1741E+01 .1060E+01 .8504E-01 .4295E+00
.6140E+03 .1714E+01 .1048E+01 .8381E-01 .4243E+00
.6150E+03 .1748E+01 .1074E+01 .8559E-01 .4346E+00
.6160E+03 .1688E+01 .1041E+01 .8270E-01 .4210E+00
.6170E+03 .1683E+01 .1041E+01 .8243E-01 .4207E+00
.6180E+03 .1746E+01 .1082E+01 .8545E-01 .4371E+00
.6190E+03 .1728E+01 .1072E+01 .8446E-01 .4330E+00
.6200E+03 .1739E+01 .1078E+01 .8477E-01 .4352E+00
.6210E+03 .1744E+01 .1075E+01 .8452E-01 .4339E+00
.6220E+03 .1728E+01 .1045E+01 .8259E-01 .4222E+00
.6230E+03 .1705E+01 .1013E+01 .8046E-01 .4097E+00
.6240E+03 .1673E+01 .1007E+01 .7933E-01 .4064E+00
.6250E+03 .1669E+01 .1020E+01 .7969E-01 .4112E+00
.6260E+03 .1694E+01 .1041E+01 .8100E-01 .4194E+00
.6270E+03 .1722E+01 .1058E+01 .8213E-01 .4259E+00
.6280E+03 .1720E+01 .9782E+00 .7826E-01 .3962E+00
.6290E+03 .1720E+01 .1035E+01 .8070E-01 .4170E+00
.6300E+03 .1684E+01 .1010E+01 .7870E-01 .4069E+00
.6310E+03 .1685E+01 .1043E+01 .8004E-01 .4188E+00
.6320E+03 .1659E+01 .1042E+01 .7936E-01 .4181E+00
.6330E+03 .1694E+01 .1080E+01 .8157E-01 .4326E+00
.6340E+03 .1666E+01 .1072E+01 .8050E-01 .4290E+00
.6350E+03 .1687E+01 .1092E+01 .8162E-01 .4365E+00
.6360E+03 .1658E+01 .1078E+01 .8026E-01 .4305E+00
.6370E+03 .1681E+01 .1096E+01 .8136E-01 .4375E+00
.6380E+03 .1689E+01 .1107E+01 .8186E-01 .4416E+00
.6390E+03 .1666E+01 .1098E+01 .8090E-01 .4379E+00
.6400E+03 .1646E+01 .1091E+01 .8003E-01 .4346E+00
.6410E+03 .1642E+01 .1093E+01 .7990E-01 .4353E+00
.6420E+03 .1630E+01 .1090E+01 .7938E-01 .4337E+00
.6430E+03 .1652E+01 .1108E+01 .8043E-01 .4405E+00
.6440E+03 .1643E+01 .1106E+01 .7998E-01 .4393E+00
.6450E+03 .1648E+01 .1112E+01 .8018E-01 .4415E+00
.6460E+03 .1623E+01 .1095E+01 .7882E-01 .4348E+00
.6470E+03 .1631E+01 .1098E+01 .7894E-01 .4356E+00
.6480E+03 .1646E+01 .1108E+01 .7941E-01 .4394E+00
.6490E+03 .1614E+01 .1086E+01 .7774E-01 .4308E+00
.6500E+03 .1582E+01 .1077E+01 .7654E-01 .4267E+00
.6510E+03 .1641E+01 .1122E+01 .7942E-01 .4441E+00
.6520E+03 .1622E+01 .1101E+01 .7795E-01 .4357E+00
.6530E+03 .1620E+01 .1111E+01 .7821E-01 .4394E+00
.6540E+03 .1596E+01 .1098E+01 .7703E-01 .4339E+00
.6550E+03 .1561E+01 .1069E+01 .7493E-01 .4222E+00
.6560E+03 .1366E+01 .9412E+00 .6569E-01 .3716E+00
.6570E+03 .1403E+01 .9667E+00 .6729E-01 .3815E+00
.6580E+03 .1561E+01 .1078E+01 .7480E-01 .4251E+00
.6590E+03 .1565E+01 .1078E+01 .7472E-01 .4250E+00
.6600E+03 .1569E+01 .1069E+01 .7431E-01 .4218E+00
.6610E+03 .1580E+01 .1049E+01 .7354E-01 .4146E+00
.6620E+03 .1590E+01 .1029E+01 .7272E-01 .4070E+00
.6630E+03 .1556E+01 .1021E+01 .7162E-01 .4036E+00
.6640E+03 .1564E+01 .1057E+01 .7308E-01 .4166E+00
.6650E+03 .1558E+01 .1072E+01 .7344E-01 .4219E+00
.6660E+03 .1556E+01 .1085E+01 .7379E-01 .4265E+00
.6670E+03 .1551E+01 .1094E+01 .7390E-01 .4293E+00
.6680E+03 .1548E+01 .1099E+01 .7393E-01 .4310E+00
.6690E+03 .1569E+01 .1119E+01 .7503E-01 .4389E+00
.6700E+03 .1561E+01 .1117E+01 .7462E-01 .4377E+00
.6710E+03 .1559E+01 .1119E+01 .7451E-01 .4381E+00
.6720E+03 .1544E+01 .1111E+01 .7378E-01 .4347E+00
.6730E+03 .1566E+01 .1129E+01 .7480E-01 .4418E+00
.6740E+03 .1559E+01 .1127E+01 .7442E-01 .4406E+00
.6750E+03 .1543E+01 .1118E+01 .7365E-01 .4370E+00
.6760E+03 .1553E+01 .1127E+01 .7402E-01 .4403E+00
.6770E+03 .1536E+01 .1117E+01 .7316E-01 .4360E+00
.6780E+03 .1539E+01 .1120E+01 .7323E-01 .4373E+00
.6790E+03 .1513E+01 .1103E+01 .7194E-01 .4305E+00
.6800E+03 .1525E+01 .1114E+01 .7242E-01 .4344E+00
.6810E+03 .1514E+01 .1108E+01 .7187E-01 .4321E+00
.6820E+03 .1512E+01 .1109E+01 .7170E-01 .4321E+00
.6830E+03 .1509E+01 .1109E+01 .7147E-01 .4317E+00
.6840E+03 .1502E+01 .1105E+01 .7105E-01 .4301E+00
.6850E+03 .1513E+01 .1115E+01 .7154E-01 .4340E+00
.6860E+03 .1506E+01 .1110E+01 .7108E-01 .4319E+00
.6870E+03 .1525E+01 .6663E+00 .5308E-01 .2696E+00
.6880E+03 .1507E+01 .8136E+00 .5920E-01 .3236E+00
.6890E+03 .1504E+01 .8187E+00 .5929E-01 .3254E+00
.6900E+03 .1494E+01 .8719E+00 .6123E-01 .3446E+00
.6910E+03 .1482E+01 .9346E+00 .6350E-01 .3672E+00
.6920E+03 .1469E+01 .9917E+00 .6543E-01 .3877E+00
.6930E+03 .1471E+01 .1021E+01 .6658E-01 .3985E+00
.6940E+03 .1475E+01 .1043E+01 .6745E-01 .4065E+00
.6950E+03 .1475E+01 .1073E+01 .6861E-01 .4174E+00
.6960E+03 .1488E+01 .1080E+01 .6910E-01 .4202E+00
.6970E+03 .1481E+01 .1107E+01 .7006E-01 .4298E+00
.6980E+03 .1461E+01 .1092E+01 .6912E-01 .4241E+00
.6990E+03 .1480E+01 .1093E+01 .6955E-01 .4248E+00
.7000E+03 .1462E+01 .1081E+01 .6878E-01 .4201E+00
.7010E+03 .1459E+01 .1078E+01 .6864E-01 .4189E+00
.7020E+03 .1450E+01 .1078E+01 .6853E-01 .4188E+00
.7030E+03 .1456E+01 .1082E+01 .6880E-01 .4203E+00
.7040E+03 .1471E+01 .1102E+01 .6989E-01 .4280E+00
.7050E+03 .1473E+01 .1108E+01 .7020E-01 .4303E+00
.7060E+03 .1459E+01 .1101E+01 .6970E-01 .4274E+00
.7070E+03 .1455E+01 .1101E+01 .6972E-01 .4276E+00
.7080E+03 .1459E+01 .1104E+01 .6995E-01 .4289E+00
.7090E+03 .1444E+01 .1098E+01 .6950E-01 .4264E+00
.7100E+03 .1451E+01 .1103E+01 .6986E-01 .4283E+00
.7110E+03 .1444E+01 .1099E+01 .6963E-01 .4269E+00
.7120E+03 .1433E+01 .1093E+01 .6924E-01 .4246E+00
.7130E+03 .1424E+01 .1087E+01 .6888E-01 .4220E+00
.7140E+03 .1430E+01 .1091E+01 .6921E-01 .4239E+00
.7150E+03 .1403E+01 .1068E+01 .6781E-01 .4148E+00
.7160E+03 .1410E+01 .1074E+01 .6826E-01 .4174E+00
.7170E+03 .1430E+01 .1024E+01 .6653E-01 .3992E+00
.7180E+03 .1407E+01 .9959E+00 .6457E-01 .3882E+00
.7190E+03 .1381E+01 .9374E+00 .6126E-01 .3659E+00
.7200E+03 .1408E+01 .9720E+00 .6360E-01 .3795E+00
.7210E+03 .1392E+01 .9972E+00 .6468E-01 .3888E+00
.7220E+03 .1391E+01 .1056E+01 .6774E-01 .4110E+00
.7230E+03 .1404E+01 .1033E+01 .6672E-01 .4026E+00
.7240E+03 .1392E+01 .9851E+00 .6417E-01 .3843E+00
.7250E+03 .1383E+01 .9869E+00 .6430E-01 .3850E+00
.7260E+03 .1385E+01 .9988E+00 .6537E-01 .3900E+00
.7270E+03 .1394E+01 .1011E+01 .6566E-01 .3941E+00
.7280E+03 .1370E+01 .9733E+00 .6402E-01 .3803E+00
.7290E+03 .1342E+01 .9727E+00 .6357E-01 .3797E+00
.7300E+03 .1375E+01 .1017E+01 .6618E-01 .3968E+00
.7310E+03 .1364E+01 .9904E+00 .6479E-01 .3866E+00
.7320E+03 .1368E+01 .1022E+01 .6628E-01 .3983E+00
.7330E+03 .1363E+01 .1044E+01 .6723E-01 .4066E+00
.7340E+03 .1378E+01 .1061E+01 .6817E-01 .4129E+00
.7350E+03 .1358E+01 .1044E+01 .6709E-01 .4063E+00
.7360E+03 .1352E+01 .1042E+01 .6689E-01 .4056E+00
.7370E+03 .1362E+01 .1049E+01 .6729E-01 .4081E+00
.7380E+03 .1340E+01 .1046E+01 .6676E-01 .4067E+00
.7390E+03 .1317E+01 .1029E+01 .6559E-01 .4000E+00
.7400E+03 .1336E+01 .1048E+01 .6668E-01 .4073E+00
.7410E+03 .1315E+01 .1033E+01 .6559E-01 .4013E+00
.7420E+03 .1309E+01 .1031E+01 .6531E-01 .4003E+00
.7430E+03 .1340E+01 .1056E+01 .6679E-01 .4100E+00
.7440E+03 .1331E+01 .1051E+01 .6634E-01 .4079E+00
.7450E+03 .1328E+01 .1050E+01 .6610E-01 .4072E+00
.7460E+03 .1334E+01 .1055E+01 .6630E-01 .4091E+00
.7470E+03 .1336E+01 .1057E+01 .6631E-01 .4099E+00
.7480E+03 .1333E+01 .1055E+01 .6607E-01 .4091E+00
.7490E+03 .1318E+01 .1044E+01 .6523E-01 .4045E+00
.7500E+03 .1317E+01 .1044E+01 .6512E-01 .4044E+00
.7510E+03 .1303E+01 .1034E+01 .6441E-01 .4005E+00
.7520E+03 .1309E+01 .1039E+01 .6463E-01 .4024E+00
.7530E+03 .1315E+01 .1045E+01 .6489E-01 .4046E+00
.7540E+03 .1318E+01 .1049E+01 .6498E-01 .4058E+00
.7550E+03 .1311E+01 .1044E+01 .6453E-01 .4037E+00
.7560E+03 .1310E+01 .1043E+01 .6439E-01 .4035E+00
.7570E+03 .1312E+01 .1046E+01 .6438E-01 .4042E+00
.7580E+03 .1296E+01 .1033E+01 .6348E-01 .3993E+00
.7590E+03 .1292E+01 .1010E+01 .6229E-01 .3905E+00
.7600E+03 .1292E+01 .1069E+00 .1520E-01 .4995E-01
.7610E+03 .1288E+01 .4761E-01 .9406E-02 .2488E-01
.7620E+03 .1265E+01 .4405E+00 .3564E-01 .1788E+00
.7630E+03 .1289E+01 .1828E+00 .2077E-01 .8017E-01
.7640E+03 .1282E+01 .3066E+00 .2839E-01 .1280E+00
.7650E+03 .1268E+01 .4404E+00 .3540E-01 .1785E+00
.7660E+03 .1217E+01 .5752E+00 .4130E-01 .2282E+00
.7670E+03 .1258E+01 .7632E+00 .5016E-01 .2982E+00
.7680E+03 .1263E+01 .9126E+00 .5645E-01 .3530E+00
.7690E+03 .1251E+01 .9392E+00 .5722E-01 .3624E+00
.7700E+03 .1251E+01 .9797E+00 .5872E-01 .3771E+00
.7710E+03 .1242E+01 .9917E+00 .5892E-01 .3812E+00
.7720E+03 .1239E+01 .9953E+00 .5885E-01 .3823E+00
.7730E+03 .1247E+01 .1003E+01 .5909E-01 .3850E+00
.7740E+03 .1239E+01 .9987E+00 .5862E-01 .3832E+00
.7750E+03 .1229E+01 .9916E+00 .5799E-01 .3803E+00
.7760E+03 .1243E+01 .1004E+01 .5852E-01 .3848E+00
.7770E+03 .1227E+01 .9912E+00 .5757E-01 .3797E+00
.7780E+03 .1220E+01 .9857E+00 .5707E-01 .3774E+00
.7790E+03 .1221E+01 .9870E+00 .5698E-01 .3777E+00
.7800E+03 .1213E+01 .9819E+00 .5653E-01 .3756E+00
.7810E+03 .1214E+01 .9835E+00 .5647E-01 .3761E+00
.7820E+03 .1222E+01 .9903E+00 .5674E-01 .3786E+00
.7830E+03 .1200E+01 .9738E+00 .5567E-01 .3721E+00
.7840E+03 .1205E+01 .9791E+00 .5584E-01 .3740E+00
.7850E+03 .1198E+01 .9738E+00 .5542E-01 .3719E+00
.7860E+03 .1212E+01 .9862E+00 .5600E-01 .3765E+00
.7870E+03 .1207E+01 .9788E+00 .5553E-01 .3736E+00
.7880E+03 .1201E+01 .9720E+00 .5507E-01 .3710E+00
.7890E+03 .1207E+01 .9768E+00 .5518E-01 .3726E+00
.7900E+03 .1205E+01 .9646E+00 .5455E-01 .3680E+00
.7910E+03 .1189E+01 .9611E+00 .5404E-01 .3664E+00
.7920E+03 .1177E+01 .9529E+00 .5343E-01 .3631E+00
.7930E+03 .1162E+01 .9398E+00 .5258E-01 .3580E+00
.7940E+03 .1148E+01 .9387E+00 .5227E-01 .3573E+00
.7950E+03 .1175E+01 .9593E+00 .5330E-01 .3651E+00
.7960E+03 .1179E+01 .9503E+00 .5287E-01 .3617E+00
.7970E+03 .1178E+01 .9518E+00 .5281E-01 .3621E+00
.7980E+03 .1177E+01 .9620E+00 .5304E-01 .3657E+00
.7990E+03 .1178E+01 .9607E+00 .5287E-01 .3651E+00
.8000E+03 .1168E+01 .9502E+00 .5219E-01 .3610E+00
.8010E+03 .1171E+01 .9501E+00 .5211E-01 .3609E+00
.8020E+03 .1166E+01 .9473E+00 .5181E-01 .3597E+00
.8030E+03 .1161E+01 .9429E+00 .5145E-01 .3579E+00
.8040E+03 .1159E+01 .9425E+00 .5127E-01 .3576E+00
.8050E+03 .1144E+01 .9344E+00 .5062E-01 .3543E+00
.8060E+03 .1160E+01 .9527E+00 .5137E-01 .3610E+00
.8070E+03 .1150E+01 .9439E+00 .5076E-01 .3575E+00
.8080E+03 .1148E+01 .9431E+00 .5055E-01 .3570E+00
.8090E+03 .1139E+01 .9321E+00 .4988E-01 .3528E+00
.8100E+03 .1142E+01 .9330E+00 .4978E-01 .3530E+00
.8110E+03 .1153E+01 .9387E+00 .5001E-01 .3551E+00
.8120E+03 .1154E+01 .9275E+00 .4945E-01 .3509E+00
.8130E+03 .1157E+01 .9200E+00 .4903E-01 .3480E+00
.8140E+03 .1149E+01 .8669E+00 .4674E-01 .3285E+00
.8150E+03 .1143E+01 .8630E+00 .4638E-01 .3269E+00
.8160E+03 .1141E+01 .8471E+00 .4509E-01 .3204E+00
.8170E+03 .1137E+01 .8439E+00 .4485E-01 .3191E+00
.8180E+03 .1114E+01 .8228E+00 .4371E-01 .3111E+00
.8190E+03 .1108E+01 .8534E+00 .4492E-01 .3223E+00
.8200E+03 .1101E+01 .8310E+00 .4376E-01 .3138E+00
.8210E+03 .1100E+01 .8900E+00 .4627E-01 .3355E+00
.8220E+03 .1102E+01 .8838E+00 .4587E-01 .3331E+00
.8230E+03 .1113E+01 .7313E+00 .3977E-01 .2774E+00
.8240E+03 .1110E+01 .8828E+00 .4577E-01 .3327E+00
.8250E+03 .1107E+01 .8891E+00 .4583E-01 .3348E+00
.8260E+03 .1115E+01 .8744E+00 .4535E-01 .3295E+00
.8270E+03 .1113E+01 .9012E+00 .4623E-01 .3391E+00
.8280E+03 .1107E+01 .8389E+00 .4348E-01 .3161E+00
.8290E+03 .1100E+01 .8734E+00 .4474E-01 .3286E+00
.8300E+03 .1097E+01 .8727E+00 .4459E-01 .3282E+00
.8310E+03 .1090E+01 .8706E+00 .4438E-01 .3273E+00
.8320E+03 .1093E+01 .8627E+00 .4395E-01 .3243E+00
.8330E+03 .1059E+01 .8628E+00 .4371E-01 .3241E+00
.8340E+03 .1064E+01 .8524E+00 .4329E-01 .3203E+00
.8350E+03 .1081E+01 .8949E+00 .4492E-01 .3358E+00
.8360E+03 .1086E+01 .8814E+00 .4439E-01 .3309E+00
.8370E+03 .1081E+01 .8965E+00 .4476E-01 .3361E+00
.8380E+03 .1064E+01 .8785E+00 .4382E-01 .3293E+00
.8390E+03 .1061E+01 .8821E+00 .4381E-01 .3305E+00
.8400E+03 .1079E+01 .8990E+00 .4450E-01 .3367E+00
.8410E+03 .1073E+01 .8911E+00 .4404E-01 .3337E+00
.8420E+03 .1063E+01 .8867E+00 .4365E-01 .3318E+00
.8430E+03 .1051E+01 .8799E+00 .4314E-01 .3291E+00
.8440E+03 .1044E+01 .8724E+00 .4268E-01 .3262E+00
.8450E+03 .1069E+01 .8960E+00 .4369E-01 .3349E+00
.8460E+03 .1062E+01 .8914E+00 .4334E-01 .3330E+00
.8470E+03 .1039E+01 .8728E+00 .4229E-01 .3259E+00
.8480E+03 .1038E+01 .8706E+00 .4209E-01 .3250E+00
.8490E+03 .1008E+01 .8461E+00 .4079E-01 .3158E+00
.8500E+03 .9651E+00 .8102E+00 .3894E-01 .3023E+00
.8510E+03 .1028E+01 .8611E+00 .4128E-01 .3211E+00
.8520E+03 .1018E+01 .8541E+00 .4080E-01 .3184E+00
.8530E+03 .9752E+00 .8194E+00 .3902E-01 .3053E+00
.8540E+03 .8461E+00 .7102E+00 .3375E-01 .2645E+00
.8550E+03 .9238E+00 .7772E+00 .3683E-01 .2894E+00
.8560E+03 .1012E+01 .8514E+00 .4026E-01 .3170E+00
.8570E+03 .1031E+01 .8685E+00 .4097E-01 .3232E+00
.8580E+03 .1025E+01 .8634E+00 .4065E-01 .3213E+00
.8590E+03 .1023E+01 .8635E+00 .4055E-01 .3212E+00
.8600E+03 .1024E+01 .8645E+00 .4051E-01 .3215E+00
.8610E+03 .1019E+01 .8606E+00 .4025E-01 .3199E+00
.8620E+03 .1034E+01 .8740E+00 .4079E-01 .3248E+00
.8630E+03 .1058E+01 .8952E+00 .4170E-01 .3326E+00
.8640E+03 .1005E+01 .8509E+00 .3955E-01 .3161E+00
.8650E+03 .9959E+00 .8437E+00 .3912E-01 .3133E+00
.8660E+03 .8954E+00 .7589E+00 .3512E-01 .2817E+00
.8670E+03 .9343E+00 .7923E+00 .3658E-01 .2941E+00
.8680E+03 .1017E+01 .8625E+00 .3973E-01 .3200E+00
.8690E+03 .9952E+00 .8450E+00 .3883E-01 .3134E+00
.8700E+03 .1023E+01 .8694E+00 .3986E-01 .3224E+00
.8710E+03 .1010E+01 .8579E+00 .3924E-01 .3181E+00
.8720E+03 .1006E+01 .8551E+00 .3902E-01 .3169E+00
.8730E+03 .1004E+01 .8537E+00 .3886E-01 .3163E+00
.8740E+03 .9917E+00 .8438E+00 .3832E-01 .3126E+00
.8750E+03 .9719E+00 .8272E+00 .3748E-01 .3063E+00
.8760E+03 .9823E+00 .8363E+00 .3780E-01 .3096E+00
.8770E+03 .9918E+00 .8448E+00 .3809E-01 .3126E+00
.8780E+03 .1004E+01 .8549E+00 .3845E-01 .3163E+00
.8790E+03 .9879E+00 .8418E+00 .3777E-01 .3113E+00
.8800E+03 .9666E+00 .8239E+00 .3687E-01 .3046E+00
.8810E+03 .9549E+00 .8135E+00 .3632E-01 .3007E+00
.8820E+03 .9761E+00 .8316E+00 .3704E-01 .3073E+00
.8830E+03 .9773E+00 .8335E+00 .3702E-01 .3079E+00
.8840E+03 .9734E+00 .8302E+00 .3678E-01 .3066E+00
.8850E+03 .9806E+00 .8365E+00 .3697E-01 .3088E+00
.8860E+03 .9440E+00 .8027E+00 .3542E-01 .2963E+00
.8870E+03 .9473E+00 .8079E+00 .3553E-01 .2981E+00
.8880E+03 .9679E+00 .8241E+00 .3617E-01 .3040E+00
.8890E+03 .9682E+00 .8272E+00 .3619E-01 .3050E+00
.8900E+03 .9710E+00 .8268E+00 .3612E-01 .3048E+00
.8910E+03 .9637E+00 .8231E+00 .3585E-01 .3033E+00
.8920E+03 .9483E+00 .8058E+00 .3507E-01 .2969E+00
.8930E+03 .9426E+00 .7922E+00 .3450E-01 .2919E+00
.8940E+03 .9449E+00 .7822E+00 .3414E-01 .2883E+00
.8950E+03 .9411E+00 .7639E+00 .3345E-01 .2817E+00
.8960E+03 .9550E+00 .7617E+00 .3319E-01 .2807E+00
.8970E+03 .9406E+00 .7120E+00 .3122E-01 .2626E+00
.8980E+03 .9445E+00 .7309E+00 .3190E-01 .2694E+00
.8990E+03 .9418E+00 .6133E+00 .2783E-01 .2272E+00
.9000E+03 .9202E+00 .7190E+00 .3115E-01 .2648E+00
.9010E+03 .8886E+00 .6498E+00 .2847E-01 .2397E+00
.9020E+03 .8977E+00 .6727E+00 .2933E-01 .2479E+00
.9030E+03 .9318E+00 .6975E+00 .3034E-01 .2570E+00
.9040E+03 .9411E+00 .7859E+00 .3341E-01 .2888E+00
.9050E+03 .9384E+00 .7731E+00 .3288E-01 .2841E+00
.9060E+03 .9167E+00 .7404E+00 .3151E-01 .2721E+00
.9070E+03 .9242E+00 .6703E+00 .2901E-01 .2468E+00
.9080E+03 .9079E+00 .6819E+00 .2925E-01 .2509E+00
.9090E+03 .8894E+00 .6944E+00 .2958E-01 .2553E+00
.9100E+03 .9070E+00 .6635E+00 .2890E-01 .2445E+00
.9110E+03 .9022E+00 .6755E+00 .2916E-01 .2487E+00
.9120E+03 .9035E+00 .6966E+00 .2957E-01 .2560E+00
.9130E+03 .9233E+00 .6746E+00 .2921E-01 .2484E+00
.9140E+03 .9124E+00 .6798E+00 .2888E-01 .2498E+00
.9150E+03 .9048E+00 .6967E+00 .2969E-01 .2561E+00
.9160E+03 .9088E+00 .6528E+00 .2770E-01 .2398E+00
.9170E+03 .8959E+00 .7125E+00 .2994E-01 .2615E+00
.9180E+03 .9003E+00 .6637E+00 .2800E-01 .2437E+00
.9190E+03 .9034E+00 .7190E+00 .3004E-01 .2637E+00
.9200E+03 .8923E+00 .7260E+00 .2988E-01 .2658E+00
.9210E+03 .8700E+00 .7197E+00 .2963E-01 .2635E+00
.9220E+03 .8667E+00 .6836E+00 .2844E-01 .2506E+00
.9230E+03 .8429E+00 .6963E+00 .2853E-01 .2548E+00
.9240E+03 .8696E+00 .6959E+00 .2873E-01 .2549E+00
.9250E+03 .8693E+00 .6877E+00 .2839E-01 .2519E+00
.9260E+03 .8583E+00 .6888E+00 .2828E-01 .2521E+00
.9270E+03 .8856E+00 .7355E+00 .2983E-01 .2689E+00
.9280E+03 .8870E+00 .6468E+00 .2717E-01 .2374E+00
.9290E+03 .8752E+00 .6155E+00 .2609E-01 .2261E+00
.9300E+03 .8798E+00 .5578E+00 .2416E-01 .2054E+00
.9310E+03 .8798E+00 .5146E+00 .2233E-01 .1896E+00
.9320E+03 .8751E+00 .4325E+00 .1930E-01 .1599E+00
.9330E+03 .8784E+00 .3971E+00 .1820E-01 .1473E+00
.9340E+03 .8763E+00 .3158E+00 .1535E-01 .1180E+00
.9350E+03 .8659E+00 .3831E+00 .1708E-01 .1416E+00
.9360E+03 .8617E+00 .2975E+00 .1398E-01 .1107E+00
.9370E+03 .8678E+00 .3201E+00 .1516E-01 .1192E+00
.9380E+03 .8671E+00 .3620E+00 .1671E-01 .1343E+00
.9390E+03 .8609E+00 .5068E+00 .2149E-01 .1862E+00
.9400E+03 .8507E+00 .5623E+00 .2336E-01 .2061E+00
.9410E+03 .8198E+00 .4837E+00 .2062E-01 .1778E+00
.9420E+03 .8369E+00 .5176E+00 .2157E-01 .1898E+00
.9430E+03 .8471E+00 .4066E+00 .1750E-01 .1496E+00
.9440E+03 .8357E+00 .3932E+00 .1673E-01 .1445E+00
.9450E+03 .8441E+00 .4919E+00 .2078E-01 .1806E+00
.9460E+03 .8471E+00 .3319E+00 .1495E-01 .1228E+00
.9470E+03 .8490E+00 .5042E+00 .2124E-01 .1851E+00
.9480E+03 .8497E+00 .4044E+00 .1752E-01 .1490E+00
.9490E+03 .8490E+00 .6073E+00 .2443E-01 .2218E+00
.9500E+03 .8430E+00 .3066E+00 .1393E-01 .1136E+00
.9510E+03 .8384E+00 .5892E+00 .2365E-01 .2151E+00
.9520E+03 .8391E+00 .4217E+00 .1783E-01 .1549E+00
.9530E+03 .8315E+00 .4707E+00 .1973E-01 .1727E+00
.9540E+03 .8060E+00 .5080E+00 .2063E-01 .1857E+00
.9550E+03 .7924E+00 .4765E+00 .1934E-01 .1742E+00
.9560E+03 .8259E+00 .4466E+00 .1878E-01 .1639E+00
.9570E+03 .8195E+00 .4368E+00 .1810E-01 .1601E+00
.9580E+03 .8284E+00 .5252E+00 .2083E-01 .1915E+00
.9590E+03 .8292E+00 .4867E+00 .1983E-01 .1780E+00
.9600E+03 .8175E+00 .5263E+00 .2114E-01 .1922E+00
.9610E+03 .8214E+00 .5471E+00 .2164E-01 .1994E+00
.9620E+03 .8144E+00 .5317E+00 .2109E-01 .1939E+00
.9630E+03 .8104E+00 .5694E+00 .2213E-01 .2072E+00
.9640E+03 .8101E+00 .5388E+00 .2114E-01 .1962E+00
.9650E+03 .8069E+00 .5582E+00 .2159E-01 .2030E+00
.9660E+03 .8003E+00 .5855E+00 .2218E-01 .2125E+00
.9670E+03 .8073E+00 .5936E+00 .2242E-01 .2153E+00
.9680E+03 .8061E+00 .6505E+00 .2397E-01 .2354E+00
.9690E+03 .8056E+00 .6663E+00 .2456E-01 .2411E+00
.9700E+03 .8048E+00 .6484E+00 .2387E-01 .2346E+00
.9710E+03 .8023E+00 .6814E+00 .2477E-01 .2462E+00
.9720E+03 .8042E+00 .6619E+00 .2415E-01 .2392E+00
.9730E+03 .7957E+00 .6347E+00 .2330E-01 .2296E+00
.9740E+03 .7860E+00 .6030E+00 .2243E-01 .2184E+00
.9750E+03 .7955E+00 .6140E+00 .2252E-01 .2220E+00
.9760E+03 .7910E+00 .6094E+00 .2240E-01 .2204E+00
.9770E+03 .7893E+00 .6466E+00 .2334E-01 .2335E+00
.9780E+03 .7881E+00 .6322E+00 .2291E-01 .2284E+00
.9790E+03 .7815E+00 .6423E+00 .2313E-01 .2319E+00
.9800E+03 .7856E+00 .6288E+00 .2265E-01 .2270E+00
.9810E+03 .7898E+00 .6713E+00 .2394E-01 .2421E+00
.9820E+03 .7871E+00 .6572E+00 .2352E-01 .2371E+00
.9830E+03 .7814E+00 .6417E+00 .2303E-01 .2316E+00
.9840E+03 .7804E+00 .6743E+00 .2379E-01 .2429E+00
.9850E+03 .7810E+00 .6533E+00 .2323E-01 .2355E+00
.9860E+03 .7752E+00 .6780E+00 .2373E-01 .2441E+00
.9870E+03 .7737E+00 .6721E+00 .2353E-01 .2419E+00
.9880E+03 .7747E+00 .6718E+00 .2349E-01 .2418E+00
.9890E+03 .7625E+00 .6697E+00 .2327E-01 .2409E+00
.9900E+03 .7657E+00 .6660E+00 .2316E-01 .2396E+00
.9910E+03 .7670E+00 .6729E+00 .2325E-01 .2419E+00
.9920E+03 .7694E+00 .6757E+00 .2331E-01 .2429E+00
.9930E+03 .7673E+00 .6695E+00 .2312E-01 .2407E+00
.9940E+03 .7673E+00 .6747E+00 .2319E-01 .2425E+00
.9950E+03 .7639E+00 .6726E+00 .2307E-01 .2417E+00
.9960E+03 .7633E+00 .6717E+00 .2301E-01 .2413E+00
.9970E+03 .7630E+00 .6719E+00 .2298E-01 .2414E+00
.9980E+03 .7604E+00 .6693E+00 .2286E-01 .2404E+00
.9990E+03 .7569E+00 .6668E+00 .2273E-01 .2394E+00
.1000E+04 .7559E+00 .6649E+00 .2263E-01 .2387E+00
.1001E+04 .7605E+00 .6704E+00 .2276E-01 .2406E+00
.1002E+04 .7572E+00 .6617E+00 .2250E-01 .2376E+00
.1003E+04 .7482E+00 .6596E+00 .2232E-01 .2367E+00
.1004E+04 .7345E+00 .6459E+00 .2184E-01 .2317E+00
.1005E+04 .7012E+00 .6190E+00 .2087E-01 .2220E+00
.1006E+04 .7322E+00 .6453E+00 .2172E-01 .2314E+00
.1007E+04 .7456E+00 .6578E+00 .2210E-01 .2359E+00
.1008E+04 .7451E+00 .6565E+00 .2203E-01 .2354E+00
.1009E+04 .7447E+00 .6549E+00 .2195E-01 .2348E+00
.1010E+04 .7436E+00 .6534E+00 .2186E-01 .2342E+00
.1011E+04 .7414E+00 .6547E+00 .2184E-01 .2346E+00
.1012E+04 .7387E+00 .6512E+00 .2169E-01 .2333E+00
.1013E+04 .7387E+00 .6528E+00 .2169E-01 .2338E+00
.1014E+04 .7335E+00 .6483E+00 .2150E-01 .2322E+00
.1015E+04 .7293E+00 .6445E+00 .2134E-01 .2308E+00
.1016E+04 .7265E+00 .6418E+00 .2122E-01 .2298E+00
.1017E+04 .7288E+00 .6439E+00 .2125E-01 .2305E+00
.1018E+04 .7240E+00 .6404E+00 .2109E-01 .2292E+00
.1019E+04 .7152E+00 .6305E+00 .2075E-01 .2257E+00
.1020E+04 .7212E+00 .6378E+00 .2094E-01 .2282E+00
.1021E+04 .7190E+00 .6364E+00 .2085E-01 .2277E+00
.1022E+04 .7158E+00 .6328E+00 .2070E-01 .2264E+00
.1023E+04 .7241E+00 .6400E+00 .2090E-01 .2289E+00
.1024E+04 .7216E+00 .6359E+00 .2075E-01 .2274E+00
.1025E+04 .7211E+00 .6383E+00 .2077E-01 .2282E+00
.1026E+04 .7197E+00 .6366E+00 .2068E-01 .2276E+00
.1027E+04 .7178E+00 .6351E+00 .2060E-01 .2270E+00
.1028E+04 .7169E+00 .6341E+00 .2053E-01 .2266E+00
.1029E+04 .7089E+00 .6270E+00 .2027E-01 .2240E+00
.1030E+04 .7113E+00 .6298E+00 .2032E-01 .2250E+00
.1031E+04 .7095E+00 .6280E+00 .2022E-01 .2243E+00
.1032E+04 .7066E+00 .6256E+00 .2011E-01 .2234E+00
.1033E+04 .6962E+00 .6163E+00 .1978E-01 .2201E+00
.1034E+04 .6960E+00 .6161E+00 .1974E-01 .2200E+00
.1035E+04 .6981E+00 .6180E+00 .1977E-01 .2206E+00
.1036E+04 .7025E+00 .6216E+00 .1985E-01 .2219E+00
.1037E+04 .6908E+00 .6108E+00 .1948E-01 .2180E+00
.1038E+04 .6941E+00 .6140E+00 .1954E-01 .2191E+00
.1039E+04 .6941E+00 .6138E+00 .1951E-01 .2190E+00
.1040E+04 .6914E+00 .6113E+00 .1940E-01 .2181E+00
.1041E+04 .6947E+00 .6140E+00 .1945E-01 .2190E+00
.1042E+04 .6900E+00 .6097E+00 .1928E-01 .2174E+00
.1043E+04 .6881E+00 .6079E+00 .1919E-01 .2168E+00
.1044E+04 .6909E+00 .6101E+00 .1923E-01 .2175E+00
.1045E+04 .6819E+00 .6019E+00 .1894E-01 .2146E+00
.1046E+04 .6748E+00 .5953E+00 .1871E-01 .2122E+00
.1047E+04 .6813E+00 .6008E+00 .1885E-01 .2141E+00
.1048E+04 .6855E+00 .6042E+00 .1893E-01 .2153E+00
.1049E+04 .6836E+00 .6014E+00 .1882E-01 .2143E+00
.1050E+04 .6810E+00 .5985E+00 .1870E-01 .2132E+00
