Wvlgth Extraterrestrial_spectrm Direct_normal_irradiance Difuse_horizn_irradiance Global_horizn_irradiance
.2800E+03 .8116E-01 .2999E-42 .2004E-22 .2004E-22
.2805E+03 .1058E+00 .1852E-39 .8523E-21 .8523E-21
.2810E+03 .1775E+00 .2633E-38 .4709E-20 .4709E-20
.2815E+03 .2493E+00 .1456E-35 .1938E-18 .1938E-18
.2820E+03 .3016E+00 .6128E-34 .1726E-17 .1726E-17
.2825E+03 .3250E+00 .7212E-33 .5852E-18 .5852E-18
.2830E+03 .3547E+00 .1102E-31 .8568E-18 .8568E-18
.2835E+03 .3334E+00 .3858E-31 .1236E-17 .1236E-17
.2840E+03 .3322E+00 .2014E-28 .1901E-16 .1901E-16
.2845E+03 .2601E+00 .2529E-27 .5660E-16 .5660E-16
.2850E+03 .1226E+00 .2497E-26 .1209E-15 .1209E-15
.2855E+03 .1424E+00 .1057E-24 .9227E-15 .9227E-15
.2860E+03 .3110E+00 .9576E-24 .3504E-14 .3504E-14
.2865E+03 .3704E+00 .2287E-22 .1557E-13 .1557E-13
.2870E+03 .3908E+00 .2165E-21 .4563E-13 .4563E-13
.2875E+03 .3912E+00 .3914E-20 .1864E-12 .1864E-12
.2880E+03 .2590E+00 .9925E-19 .7693E-12 .7693E-12
.2885E+03 .3712E+00 .9604E-18 .2885E-11 .2885E-11
.2890E+03 .4346E+00 .8241E-17 .7224E-11 .7224E-11
.2895E+03 .5080E+00 .8487E-16 .2260E-10 .2260E-10
.2900E+03 .6390E+00 .6401E-15 .6566E-10 .6566E-10
.2905E+03 .6682E+00 .2959E-14 .1390E-09 .1390E-09
.2910E+03 .6307E+00 .1690E-13 .3146E-09 .3146E-09
.2915E+03 .6227E+00 .1680E-12 .9794E-09 .9795E-09
.2920E+03 .5925E+00 .1042E-11 .2383E-08 .2383E-08
.2925E+03 .5136E+00 .2549E-11 .3103E-08 .3104E-08
.2930E+03 .5867E+00 .1122E-10 .7208E-08 .7213E-08
.2935E+03 .5958E+00 .7201E-10 .1953E-07 .1956E-07
.2940E+03 .5213E+00 .2155E-09 .3256E-07 .3264E-07
.2945E+03 .5621E+00 .5881E-09 .5677E-07 .5701E-07
.2950E+03 .5338E+00 .1815E-08 .1022E-06 .1030E-06
.2955E+03 .6022E+00 .8847E-08 .2557E-06 .2593E-06
.2960E+03 .6424E+00 .2534E-07 .4657E-06 .4762E-06
.2965E+03 .5096E+00 .5126E-07 .5874E-06 .6087E-06
.2970E+03 .4387E+00 .9283E-07 .8244E-06 .8629E-06
.2975E+03 .6182E+00 .3731E-06 .2386E-05 .2540E-05
.2980E+03 .5769E+00 .8079E-06 .4017E-05 .4353E-05
.2985E+03 .3918E+00 .1021E-05 .4251E-05 .4675E-05
.2990E+03 .5966E+00 .2780E-05 .9885E-05 .1104E-04
.2995E+03 .5394E+00 .6480E-05 .1843E-04 .2112E-04
.3000E+03 .4310E+00 .8098E-05 .2091E-04 .2427E-04
.3005E+03 .4542E+00 .1378E-04 .3254E-04 .3826E-04
.3010E+03 .5109E+00 .3102E-04 .6696E-04 .7983E-04
.3015E+03 .5477E+00 .5818E-04 .1216E-03 .1458E-03
.3020E+03 .3872E+00 .5365E-04 .1118E-03 .1341E-03
.3025E+03 .5624E+00 .1263E-03 .2767E-03 .3292E-03
.3030E+03 .7000E+00 .2832E-03 .5160E-03 .6336E-03
.3035E+03 .7123E+00 .4012E-03 .6580E-03 .8245E-03
.3040E+03 .5970E+00 .3948E-03 .6127E-03 .7765E-03
.3045E+03 .6704E+00 .6553E-03 .9461E-03 .1218E-02
.3050E+03 .6961E+00 .1129E-02 .1583E-02 .2052E-02
.3055E+03 .6335E+00 .1389E-02 .1922E-02 .2499E-02
.3060E+03 .5609E+00 .1387E-02 .1897E-02 .2472E-02
.3065E+03 .6059E+00 .1809E-02 .2456E-02 .3207E-02
.3070E+03 .6664E+00 .2916E-02 .3995E-02 .5205E-02
.3075E+03 .6739E+00 .4147E-02 .5796E-02 .7518E-02
.3080E+03 .6789E+00 .4441E-02 .6160E-02 .8004E-02
.3085E+03 .7036E+00 .5427E-02 .7589E-02 .9841E-02
.3090E+03 .5813E+00 .5101E-02 .7168E-02 .9286E-02
.3095E+03 .5310E+00 .6634E-02 .9957E-02 .1271E-01
.3100E+03 .4808E+00 .7061E-02 .1017E-01 .1310E-01
.3105E+03 .7390E+00 .1179E-01 .1656E-01 .2145E-01
.3110E+03 .8520E+00 .1549E-01 .2108E-01 .2751E-01
.3115E+03 .7906E+00 .1529E-01 .2040E-01 .2675E-01
.3120E+03 .6638E+00 .1655E-01 .2115E-01 .2802E-01
.3125E+03 .7205E+00 .2115E-01 .2632E-01 .3510E-01
.3130E+03 .7355E+00 .2356E-01 .2881E-01 .3859E-01
.3135E+03 .7502E+00 .2259E-01 .2743E-01 .3680E-01
.3140E+03 .8204E+00 .2979E-01 .3536E-01 .4772E-01
.3145E+03 .6131E+00 .2799E-01 .3270E-01 .4432E-01
.3150E+03 .7796E+00 .3731E-01 .4307E-01 .5856E-01
.3155E+03 .7034E+00 .3072E-01 .3502E-01 .4777E-01
.3160E+03 .5358E+00 .2810E-01 .3171E-01 .4337E-01
.3165E+03 .6856E+00 .4174E-01 .4692E-01 .6424E-01
.3170E+03 .8507E+00 .5205E-01 .5784E-01 .7945E-01
.3175E+03 .9101E+00 .5415E-01 .5929E-01 .8177E-01
.3180E+03 .6560E+00 .4332E-01 .4721E-01 .6519E-01
.3185E+03 .7055E+00 .5563E-01 .6120E-01 .8429E-01
.3190E+03 .7789E+00 .6715E-01 .7405E-01 .1019E+00
.3195E+03 .7064E+00 .5415E-01 .5773E-01 .8021E-01
.3200E+03 .8651E+00 .6570E-01 .6905E-01 .9632E-01
.3205E+03 .9389E+00 .8469E-01 .9046E-01 .1256E+00
.3210E+03 .7397E+00 .7684E-01 .8396E-01 .1159E+00
.3215E+03 .6981E+00 .7422E-01 .8043E-01 .1112E+00
.3220E+03 .8427E+00 .7862E-01 .8117E-01 .1138E+00
.3225E+03 .7255E+00 .6901E-01 .7058E-01 .9922E-01
.3230E+03 .6619E+00 .6991E-01 .7235E-01 .1014E+00
.3235E+03 .7064E+00 .8724E-01 .9206E-01 .1283E+00
.3240E+03 .8081E+00 .1027E+00 .1074E+00 .1500E+00
.3245E+03 .8549E+00 .1041E+00 .1073E+00 .1505E+00
.3250E+03 .8110E+00 .9034E-01 .8984E-01 .1273E+00
.3255E+03 .9735E+00 .1175E+00 .1182E+00 .1670E+00
.3260E+03 .1088E+01 .1459E+00 .1463E+00 .2068E+00
.3265E+03 .1031E+01 .1479E+00 .1482E+00 .2096E+00
.3270E+03 .1044E+01 .1481E+00 .1461E+00 .2076E+00
.3275E+03 .1030E+01 .1436E+00 .1395E+00 .1992E+00
.3280E+03 .9857E+00 .1270E+00 .1216E+00 .1743E+00
.3285E+03 .9447E+00 .1367E+00 .1304E+00 .1871E+00
.3290E+03 .1059E+01 .1653E+00 .1589E+00 .2275E+00
.3295E+03 .1178E+01 .1887E+00 .1807E+00 .2590E+00
.3300E+03 .1202E+01 .1916E+00 .1805E+00 .2600E+00
.3305E+03 .1006E+01 .1540E+00 .1415E+00 .2054E+00
.3310E+03 .1040E+01 .1576E+00 .1429E+00 .2083E+00
.3315E+03 .1015E+01 .1620E+00 .1466E+00 .2138E+00
.3320E+03 .1041E+01 .1764E+00 .1608E+00 .2340E+00
.3325E+03 .1006E+01 .1753E+00 .1598E+00 .2326E+00
.3330E+03 .1013E+01 .1760E+00 .1579E+00 .2310E+00
.3335E+03 .9480E+00 .1602E+00 .1404E+00 .2069E+00
.3340E+03 .9741E+00 .1653E+00 .1431E+00 .2117E+00
.3345E+03 .1076E+01 .1920E+00 .1672E+00 .2468E+00
.3350E+03 .9866E+00 .1812E+00 .1580E+00 .2332E+00
.3355E+03 .1109E+01 .2075E+00 .1864E+00 .2726E+00
.3360E+03 .7651E+00 .1444E+00 .1286E+00 .1886E+00
.3365E+03 .9361E+00 .1748E+00 .1472E+00 .2198E+00
.3370E+03 .7785E+00 .1444E+00 .1195E+00 .1794E+00
.3375E+03 .9716E+00 .1807E+00 .1477E+00 .2227E+00
.3380E+03 .9169E+00 .1772E+00 .1457E+00 .2193E+00
.3385E+03 .1025E+01 .2017E+00 .1698E+00 .2535E+00
.3390E+03 .1015E+01 .2022E+00 .1669E+00 .2508E+00
.3395E+03 .9703E+00 .1949E+00 .1604E+00 .2413E+00
.3400E+03 .1172E+01 .2341E+00 .1857E+00 .2828E+00
.3405E+03 .1051E+01 .2122E+00 .1671E+00 .2552E+00
.3410E+03 .9972E+00 .2056E+00 .1640E+00 .2494E+00
.3415E+03 .9186E+00 .1920E+00 .1493E+00 .2290E+00
.3420E+03 .1097E+01 .2312E+00 .1776E+00 .2735E+00
.3425E+03 .1024E+01 .2182E+00 .1655E+00 .2561E+00
.3430E+03 .1121E+01 .2400E+00 .1820E+00 .2816E+00
.3435E+03 .1052E+01 .2261E+00 .1713E+00 .2651E+00
.3440E+03 .7928E+00 .1691E+00 .1252E+00 .1954E+00
.3445E+03 .7774E+00 .1689E+00 .1277E+00 .1978E+00
.3450E+03 .1032E+01 .2280E+00 .1672E+00 .2618E+00
.3455E+03 .1053E+01 .2352E+00 .1697E+00 .2673E+00
.3460E+03 .8938E+00 .2014E+00 .1436E+00 .2272E+00
.3465E+03 .1010E+01 .2296E+00 .1619E+00 .2573E+00
.3470E+03 .1080E+01 .2467E+00 .1737E+00 .2761E+00
.3475E+03 .8704E+00 .2002E+00 .1401E+00 .2232E+00
.3480E+03 .9928E+00 .2306E+00 .1588E+00 .2545E+00
.3485E+03 .9921E+00 .2322E+00 .1580E+00 .2544E+00
.3490E+03 .9182E+00 .2168E+00 .1460E+00 .2360E+00
.3495E+03 .9062E+00 .2157E+00 .1441E+00 .2337E+00
.3500E+03 .1118E+01 .2682E+00 .1776E+00 .2890E+00
.3505E+03 .1177E+01 .2841E+00 .1867E+00 .3047E+00
.3510E+03 .1049E+01 .2544E+00 .1664E+00 .2720E+00
.3515E+03 .1015E+01 .2469E+00 .1618E+00 .2643E+00
.3520E+03 .1089E+01 .2677E+00 .1728E+00 .2840E+00
.3525E+03 .8493E+00 .2105E+00 .1342E+00 .2216E+00
.3530E+03 .1068E+01 .2667E+00 .1684E+00 .2791E+00
.3535E+03 .1140E+01 .2864E+00 .1793E+00 .2982E+00
.3540E+03 .1182E+01 .2985E+00 .1853E+00 .3092E+00
.3545E+03 .1198E+01 .3043E+00 .1875E+00 .3138E+00
.3550E+03 .1192E+01 .3048E+00 .1864E+00 .3129E+00
.3555E+03 .1074E+01 .2770E+00 .1680E+00 .2830E+00
.3560E+03 .1121E+01 .2916E+00 .1753E+00 .2963E+00
.3565E+03 .9565E+00 .2501E+00 .1492E+00 .2531E+00
.3570E+03 .7898E+00 .2076E+00 .1230E+00 .2092E+00
.3575E+03 .9660E+00 .2554E+00 .1501E+00 .2561E+00
.3580E+03 .7646E+00 .2034E+00 .1186E+00 .2031E+00
.3585E+03 .6526E+00 .1747E+00 .1011E+00 .1736E+00
.3590E+03 .9119E+00 .2454E+00 .1411E+00 .2429E+00
.3595E+03 .1161E+01 .3138E+00 .1793E+00 .3096E+00
.3600E+03 .1229E+01 .3342E+00 .1895E+00 .3283E+00
.3605E+03 .9811E+00 .2684E+00 .1510E+00 .2624E+00
.3610E+03 .8924E+00 .2457E+00 .1372E+00 .2392E+00
.3615E+03 .1024E+01 .2841E+00 .1573E+00 .2753E+00
.3620E+03 .8820E+00 .2467E+00 .1355E+00 .2379E+00
.3625E+03 .1217E+01 .3427E+00 .1869E+00 .3291E+00
.3630E+03 .1089E+01 .3090E+00 .1672E+00 .2955E+00
.3635E+03 .1001E+01 .2858E+00 .1535E+00 .2721E+00
.3640E+03 .1221E+01 .3508E+00 .1871E+00 .3327E+00
.3645E+03 .1042E+01 .3010E+00 .1594E+00 .2843E+00
.3650E+03 .1059E+01 .3077E+00 .1618E+00 .2895E+00
.3655E+03 .1327E+01 .3877E+00 .2024E+00 .3633E+00
.3660E+03 .1403E+01 .4124E+00 .2138E+00 .3850E+00
.3665E+03 .1315E+01 .3890E+00 .2002E+00 .3616E+00
.3670E+03 .1279E+01 .3801E+00 .1943E+00 .3521E+00
.3675E+03 .1325E+01 .3957E+00 .2009E+00 .3651E+00
.3680E+03 .1158E+01 .3473E+00 .1752E+00 .3193E+00
.3685E+03 .1166E+01 .3520E+00 .1763E+00 .3224E+00
.3690E+03 .1257E+01 .3817E+00 .1898E+00 .3483E+00
.3695E+03 .1338E+01 .4087E+00 .2018E+00 .3715E+00
.3700E+03 .1423E+01 .4376E+00 .2146E+00 .3963E+00
.3705E+03 .1103E+01 .3410E+00 .1661E+00 .3076E+00
.3710E+03 .1176E+01 .3659E+00 .1770E+00 .3288E+00
.3715E+03 .1470E+01 .4593E+00 .2207E+00 .4114E+00
.3720E+03 .9747E+00 .3059E+00 .1461E+00 .2731E+00
.3725E+03 .1167E+01 .3682E+00 .1746E+00 .3275E+00
.3730E+03 .1184E+01 .3760E+00 .1771E+00 .3332E+00
.3735E+03 .7692E+00 .2455E+00 .1149E+00 .2168E+00
.3740E+03 .1116E+01 .3580E+00 .1664E+00 .3151E+00
.3745E+03 .9226E+00 .2976E+00 .1374E+00 .2610E+00
.3750E+03 .8958E+00 .2903E+00 .1332E+00 .2537E+00
.3755E+03 .1337E+01 .4349E+00 .1983E+00 .3788E+00
.3760E+03 .1107E+01 .3617E+00 .1639E+00 .3141E+00
.3765E+03 .1146E+01 .3762E+00 .1694E+00 .3255E+00
.3770E+03 .1211E+01 .3998E+00 .1788E+00 .3448E+00
.3775E+03 .1415E+01 .4695E+00 .2086E+00 .4035E+00
.3780E+03 .1533E+01 .5107E+00 .2256E+00 .4376E+00
.3785E+03 .1448E+01 .4844E+00 .2127E+00 .4138E+00
.3790E+03 .1195E+01 .4012E+00 .1751E+00 .3416E+00
.3795E+03 .1091E+01 .3677E+00 .1595E+00 .3121E+00
.3800E+03 .1134E+01 .3835E+00 .1654E+00 .3246E+00
.3805E+03 .1371E+01 .4661E+00 .1997E+00 .3932E+00
.3810E+03 .1371E+01 .4686E+00 .1995E+00 .3941E+00
.3815E+03 .1084E+01 .3727E+00 .1576E+00 .3123E+00
.3820E+03 .9608E+00 .3320E+00 .1396E+00 .2774E+00
.3825E+03 .8171E+00 .2839E+00 .1186E+00 .2364E+00
.3830E+03 .7551E+00 .2637E+00 .1095E+00 .2189E+00
.3835E+03 .7262E+00 .2547E+00 .1051E+00 .2108E+00
.3840E+03 .8000E+00 .2818E+00 .1156E+00 .2325E+00
.3845E+03 .1175E+01 .4157E+00 .1695E+00 .3421E+00
.3850E+03 .1164E+01 .4136E+00 .1676E+00 .3393E+00
.3855E+03 .1082E+01 .3865E+00 .1557E+00 .3161E+00
.3860E+03 .9254E+00 .3321E+00 .1330E+00 .2708E+00
.3865E+03 .1213E+01 .4378E+00 .1742E+00 .3559E+00
.3870E+03 .1008E+01 .3649E+00 .1444E+00 .2958E+00
.3875E+03 .1131E+01 .4111E+00 .1617E+00 .3324E+00
.3880E+03 .1043E+01 .3808E+00 .1489E+00 .3070E+00
.3885E+03 .1029E+01 .3776E+00 .1468E+00 .3035E+00
.3890E+03 .1110E+01 .4088E+00 .1580E+00 .3277E+00
.3895E+03 .1343E+01 .4967E+00 .1908E+00 .3970E+00
.3900E+03 .1346E+01 .5000E+00 .1910E+00 .3986E+00
.3905E+03 .1237E+01 .4615E+00 .1753E+00 .3669E+00
.3910E+03 .1454E+01 .5449E+00 .2058E+00 .4320E+00
.3915E+03 .1482E+01 .5574E+00 .2093E+00 .4407E+00
.3920E+03 .1248E+01 .4708E+00 .1758E+00 .3712E+00
.3925E+03 .1115E+01 .4228E+00 .1570E+00 .3325E+00
.3930E+03 .6195E+00 .2360E+00 .8710E-01 .1851E+00
.3935E+03 .4497E+00 .1720E+00 .6314E-01 .1345E+00
.3940E+03 .9141E+00 .3510E+00 .1281E+00 .2738E+00
.3945E+03 .1161E+01 .4475E+00 .1624E+00 .3482E+00
.3950E+03 .1415E+01 .5474E+00 .1976E+00 .4249E+00
.3955E+03 .1437E+01 .5575E+00 .2002E+00 .4316E+00
.3960E+03 .1244E+01 .4847E+00 .1731E+00 .3743E+00
.3965E+03 .7261E+00 .2842E+00 .1009E+00 .2189E+00
.3970E+03 .5442E+00 .2139E+00 .7553E-01 .1643E+00
.3975E+03 .1106E+01 .4362E+00 .1532E+00 .3343E+00
.3980E+03 .1549E+01 .6122E+00 .2139E+00 .4681E+00
.3985E+03 .1599E+01 .6344E+00 .2205E+00 .4839E+00
.3990E+03 .1728E+01 .6891E+00 .2381E+00 .5241E+00
.3995E+03 .1720E+01 .6885E+00 .2367E+00 .5225E+00
.4000E+03 .1786E+01 .7166E+00 .2451E+00 .5426E+00
.4010E+03 .1830E+01 .7397E+00 .2505E+00 .5576E+00
.4020E+03 .1925E+01 .7845E+00 .2629E+00 .5886E+00
.4030E+03 .1824E+01 .7490E+00 .2484E+00 .5594E+00
.4040E+03 .1793E+01 .7409E+00 .2433E+00 .5509E+00
.4050E+03 .1790E+01 .7440E+00 .2420E+00 .5508E+00
.4060E+03 .1755E+01 .7356E+00 .2368E+00 .5422E+00
.4070E+03 .1722E+01 .7274E+00 .2317E+00 .5337E+00
.4080E+03 .1789E+01 .7588E+00 .2394E+00 .5544E+00
.4090E+03 .1911E+01 .8158E+00 .2549E+00 .5936E+00
.4100E+03 .1665E+01 .7158E+00 .2215E+00 .5186E+00
.4110E+03 .1800E+01 .7788E+00 .2386E+00 .5619E+00
.4120E+03 .1927E+01 .8401E+00 .2549E+00 .6036E+00
.4130E+03 .1879E+01 .8224E+00 .2474E+00 .5887E+00
.4140E+03 .1897E+01 .8362E+00 .2491E+00 .5962E+00
.4150E+03 .1897E+01 .8418E+00 .2483E+00 .5978E+00
.4160E+03 .1925E+01 .8604E+00 .2513E+00 .6085E+00
.4170E+03 .1875E+01 .8426E+00 .2439E+00 .5937E+00
.4180E+03 .1838E+01 .8304E+00 .2382E+00 .5829E+00
.4190E+03 .1859E+01 .8446E+00 .2401E+00 .5907E+00
.4200E+03 .1849E+01 .8442E+00 .2378E+00 .5882E+00
.4210E+03 .1930E+01 .8867E+00 .2475E+00 .6156E+00
.4220E+03 .1832E+01 .8460E+00 .2340E+00 .5852E+00
.4230E+03 .1786E+01 .8295E+00 .2273E+00 .5716E+00
.4240E+03 .1888E+01 .8807E+00 .2391E+00 .6047E+00
.4250E+03 .1881E+01 .8827E+00 .2375E+00 .6039E+00
.4260E+03 .1826E+01 .8629E+00 .2300E+00 .5882E+00
.4270E+03 .1790E+01 .8496E+00 .2246E+00 .5773E+00
.4280E+03 .1742E+01 .8304E+00 .2178E+00 .5625E+00
.4290E+03 .1645E+01 .7896E+00 .2052E+00 .5330E+00
.4300E+03 .1437E+01 .6932E+00 .1787E+00 .4665E+00
.4310E+03 .1424E+01 .6894E+00 .1762E+00 .4624E+00
.4320E+03 .1834E+01 .8935E+00 .2263E+00 .5972E+00
.4330E+03 .1841E+01 .9014E+00 .2263E+00 .6005E+00
.4340E+03 .1709E+01 .8396E+00 .2091E+00 .5577E+00
.4350E+03 .1784E+01 .8795E+00 .2174E+00 .5825E+00
.4360E+03 .2005E+01 .9944E+00 .2437E+00 .6565E+00
.4370E+03 .1972E+01 .9842E+00 .2391E+00 .6476E+00
.4380E+03 .1792E+01 .8990E+00 .2165E+00 .5896E+00
.4390E+03 .1857E+01 .9319E+00 .2226E+00 .6095E+00
.4400E+03 .1912E+01 .9647E+00 .2284E+00 .6289E+00
.4410E+03 .1976E+01 .1003E+01 .2354E+00 .6519E+00
.4420E+03 .2116E+01 .1080E+01 .2511E+00 .6993E+00
.4430E+03 .2064E+01 .1056E+01 .2437E+00 .6821E+00
.4440E+03 .2104E+01 .1081E+01 .2476E+00 .6963E+00
.4450E+03 .2060E+01 .1060E+01 .2413E+00 .6815E+00
.4460E+03 .1959E+01 .1015E+01 .2293E+00 .6508E+00
.4470E+03 .2112E+01 .1100E+01 .2465E+00 .7032E+00
.4480E+03 .2149E+01 .1120E+01 .2491E+00 .7139E+00
.4490E+03 .2149E+01 .1128E+01 .2486E+00 .7166E+00
.4500E+03 .2204E+01 .1162E+01 .2541E+00 .7366E+00
.4510E+03 .2284E+01 .1209E+01 .2622E+00 .7639E+00
.4520E+03 .2198E+01 .1168E+01 .2514E+00 .7361E+00
.4530E+03 .2065E+01 .1101E+01 .2353E+00 .6924E+00
.4540E+03 .2151E+01 .1153E+01 .2444E+00 .7228E+00
.4550E+03 .2163E+01 .1162E+01 .2445E+00 .7271E+00
.4560E+03 .2212E+01 .1193E+01 .2490E+00 .7443E+00
.4570E+03 .2247E+01 .1216E+01 .2516E+00 .7564E+00
.4580E+03 .2172E+01 .1177E+01 .2416E+00 .7303E+00
.4590E+03 .2158E+01 .1174E+01 .2387E+00 .7260E+00
.4600E+03 .2164E+01 .1180E+01 .2379E+00 .7276E+00
.4610E+03 .2212E+01 .1210E+01 .2420E+00 .7442E+00
.4620E+03 .2224E+01 .1222E+01 .2427E+00 .7500E+00
.4630E+03 .2210E+01 .1216E+01 .2400E+00 .7448E+00
.4640E+03 .2167E+01 .1199E+01 .2351E+00 .7327E+00
.4650E+03 .2134E+01 .1187E+01 .2313E+00 .7238E+00
.4660E+03 .2151E+01 .1201E+01 .2325E+00 .7310E+00
.4670E+03 .2113E+01 .1181E+01 .2271E+00 .7175E+00
.4680E+03 .2137E+01 .1198E+01 .2286E+00 .7260E+00
.4690E+03 .2148E+01 .1208E+01 .2286E+00 .7299E+00
.4700E+03 .2079E+01 .1172E+01 .2202E+00 .7068E+00
.4710E+03 .2075E+01 .1173E+01 .2189E+00 .7058E+00
.4720E+03 .2187E+01 .1239E+01 .2297E+00 .7438E+00
.4730E+03 .2159E+01 .1226E+01 .2258E+00 .7346E+00
.4740E+03 .2166E+01 .1230E+01 .2251E+00 .7355E+00
.4750E+03 .2189E+01 .1243E+01 .2260E+00 .7420E+00
.4760E+03 .2129E+01 .1209E+01 .2181E+00 .7201E+00
.4770E+03 .2138E+01 .1216E+01 .2175E+00 .7221E+00
.4780E+03 .2194E+01 .1251E+01 .2219E+00 .7413E+00
.4790E+03 .2175E+01 .1245E+01 .2188E+00 .7355E+00
.4800E+03 .2174E+01 .1248E+01 .2175E+00 .7357E+00
.4810E+03 .2209E+01 .1273E+01 .2199E+00 .7485E+00
.4820E+03 .2214E+01 .1282E+01 .2197E+00 .7519E+00
.4830E+03 .2181E+01 .1269E+01 .2160E+00 .7427E+00
.4840E+03 .2133E+01 .1245E+01 .2108E+00 .7277E+00
.4850E+03 .2030E+01 .1189E+01 .2002E+00 .6938E+00
.4860E+03 .1771E+01 .1041E+01 .1744E+00 .6067E+00
.4870E+03 .1853E+01 .1093E+01 .1821E+00 .6359E+00
.4880E+03 .2033E+01 .1201E+01 .1988E+00 .6974E+00
.4890E+03 .2041E+01 .1207E+01 .1985E+00 .6994E+00
.4900E+03 .2143E+01 .1272E+01 .2076E+00 .7355E+00
.4910E+03 .2103E+01 .1252E+01 .2029E+00 .7227E+00
.4920E+03 .1985E+01 .1184E+01 .1908E+00 .6824E+00
.4930E+03 .2049E+01 .1225E+01 .1962E+00 .7048E+00
.4940E+03 .2069E+01 .1239E+01 .1973E+00 .7117E+00
.4950E+03 .2085E+01 .1252E+01 .1980E+00 .7176E+00
.4960E+03 .2098E+01 .1261E+01 .1982E+00 .7216E+00
.4970E+03 .2130E+01 .1283E+01 .2002E+00 .7326E+00
.4980E+03 .2030E+01 .1224E+01 .1896E+00 .6978E+00
.4990E+03 .2056E+01 .1242E+01 .1907E+00 .7062E+00
.5000E+03 .1999E+01 .1207E+01 .1844E+00 .6857E+00
.5010E+03 .1964E+01 .1187E+01 .1798E+00 .6726E+00
.5020E+03 .1943E+01 .1173E+01 .1763E+00 .6631E+00
.5030E+03 .2029E+01 .1224E+01 .1825E+00 .6905E+00
.5040E+03 .2000E+01 .1203E+01 .1783E+00 .6778E+00
.5050E+03 .2051E+01 .1238E+01 .1822E+00 .6963E+00
.5060E+03 .2119E+01 .1283E+01 .1876E+00 .7200E+00
.5070E+03 .2015E+01 .1224E+01 .1781E+00 .6862E+00
.5080E+03 .1946E+01 .1187E+01 .1719E+00 .6645E+00
.5090E+03 .1995E+01 .1220E+01 .1760E+00 .6826E+00
.5100E+03 .1981E+01 .1215E+01 .1744E+00 .6786E+00
.5110E+03 .2030E+01 .1247E+01 .1782E+00 .6959E+00
.5120E+03 .2049E+01 .1262E+01 .1794E+00 .7033E+00
.5130E+03 .1939E+01 .1197E+01 .1691E+00 .6660E+00
.5140E+03 .1923E+01 .1190E+01 .1672E+00 .6612E+00
.5150E+03 .1903E+01 .1180E+01 .1647E+00 .6545E+00
.5160E+03 .1899E+01 .1179E+01 .1637E+00 .6530E+00
.5170E+03 .1686E+01 .1049E+01 .1448E+00 .5802E+00
.5180E+03 .1773E+01 .1104E+01 .1516E+00 .6100E+00
.5190E+03 .1860E+01 .1160E+01 .1584E+00 .6397E+00
.5200E+03 .1928E+01 .1203E+01 .1634E+00 .6627E+00
.5210E+03 .1947E+01 .1215E+01 .1641E+00 .6686E+00
.5220E+03 .1950E+01 .1218E+01 .1634E+00 .6689E+00
.5230E+03 .1916E+01 .1198E+01 .1598E+00 .6571E+00
.5240E+03 .1987E+01 .1243E+01 .1647E+00 .6806E+00
.5250E+03 .2015E+01 .1259E+01 .1656E+00 .6882E+00
.5260E+03 .1926E+01 .1203E+01 .1572E+00 .6566E+00
.5270E+03 .1819E+01 .1135E+01 .1473E+00 .6183E+00
.5280E+03 .1926E+01 .1200E+01 .1547E+00 .6529E+00
.5290E+03 .2033E+01 .1265E+01 .1621E+00 .6873E+00
.5300E+03 .2005E+01 .1249E+01 .1589E+00 .6772E+00
.5310E+03 .2036E+01 .1269E+01 .1603E+00 .6870E+00
.5320E+03 .1966E+01 .1227E+01 .1540E+00 .6632E+00
.5330E+03 .1909E+01 .1192E+01 .1488E+00 .6438E+00
.5340E+03 .1963E+01 .1229E+01 .1525E+00 .6627E+00
.5350E+03 .2004E+01 .1257E+01 .1551E+00 .6768E+00
.5360E+03 .2020E+01 .1269E+01 .1559E+00 .6827E+00
.5370E+03 .1939E+01 .1221E+01 .1491E+00 .6558E+00
.5380E+03 .1972E+01 .1244E+01 .1511E+00 .6676E+00
.5390E+03 .1955E+01 .1236E+01 .1492E+00 .6624E+00
.5400E+03 .1875E+01 .1187E+01 .1424E+00 .6352E+00
.5410E+03 .1894E+01 .1199E+01 .1430E+00 .6408E+00
.5420E+03 .1956E+01 .1238E+01 .1467E+00 .6608E+00
.5430E+03 .1930E+01 .1224E+01 .1440E+00 .6523E+00
.5440E+03 .1969E+01 .1249E+01 .1460E+00 .6644E+00
.5450E+03 .1961E+01 .1244E+01 .1446E+00 .6610E+00
.5460E+03 .1975E+01 .1251E+01 .1447E+00 .6641E+00
.5470E+03 .1970E+01 .1248E+01 .1435E+00 .6616E+00
.5480E+03 .1944E+01 .1233E+01 .1409E+00 .6528E+00
.5490E+03 .1948E+01 .1238E+01 .1407E+00 .6547E+00
.5500E+03 .1971E+01 .1255E+01 .1417E+00 .6629E+00
.5510E+03 .1946E+01 .1241E+01 .1393E+00 .6546E+00
.5520E+03 .1959E+01 .1251E+01 .1396E+00 .6588E+00
.5530E+03 .1925E+01 .1230E+01 .1363E+00 .6467E+00
.5540E+03 .1972E+01 .1259E+01 .1388E+00 .6615E+00
.5550E+03 .1977E+01 .1262E+01 .1382E+00 .6621E+00
.5560E+03 .1952E+01 .1246E+01 .1356E+00 .6529E+00
.5570E+03 .1893E+01 .1208E+01 .1307E+00 .6322E+00
.5580E+03 .1882E+01 .1199E+01 .1288E+00 .6266E+00
.5590E+03 .1850E+01 .1177E+01 .1255E+00 .6141E+00
.5600E+03 .1874E+01 .1193E+01 .1263E+00 .6217E+00
.5610E+03 .1901E+01 .1210E+01 .1272E+00 .6297E+00
.5620E+03 .1891E+01 .1203E+01 .1255E+00 .6247E+00
.5630E+03 .1947E+01 .1237E+01 .1282E+00 .6416E+00
.5640E+03 .1897E+01 .1204E+01 .1240E+00 .6239E+00
.5650E+03 .1884E+01 .1195E+01 .1222E+00 .6182E+00
.5660E+03 .1859E+01 .1178E+01 .1197E+00 .6089E+00
.5670E+03 .1898E+01 .1202E+01 .1213E+00 .6204E+00
.5680E+03 .1892E+01 .1196E+01 .1199E+00 .6162E+00
.5690E+03 .1869E+01 .1177E+01 .1174E+00 .6059E+00
.5700E+03 .1865E+01 .1174E+01 .1164E+00 .6036E+00
.5710E+03 .1848E+01 .1163E+01 .1145E+00 .5972E+00
.5720E+03 .1906E+01 .1196E+01 .1172E+00 .6138E+00
.5730E+03 .1929E+01 .1210E+01 .1179E+00 .6201E+00
.5740E+03 .1926E+01 .1207E+01 .1170E+00 .6179E+00
.5750E+03 .1895E+01 .1186E+01 .1144E+00 .6067E+00
.5760E+03 .1878E+01 .1175E+01 .1129E+00 .6008E+00
.5770E+03 .1896E+01 .1189E+01 .1137E+00 .6071E+00
.5780E+03 .1862E+01 .1171E+01 .1114E+00 .5975E+00
.5790E+03 .1860E+01 .1176E+01 .1113E+00 .5993E+00
.5800E+03 .1881E+01 .1198E+01 .1127E+00 .6098E+00
.5810E+03 .1880E+01 .1204E+01 .1127E+00 .6123E+00
.5820E+03 .1905E+01 .1228E+01 .1144E+00 .6240E+00
.5830E+03 .1902E+01 .1233E+01 .1142E+00 .6259E+00
.5840E+03 .1914E+01 .1245E+01 .1148E+00 .6315E+00
.5850E+03 .1864E+01 .1215E+01 .1115E+00 .6160E+00
.5860E+03 .1826E+01 .1192E+01 .1088E+00 .6034E+00
.5870E+03 .1872E+01 .1220E+01 .1110E+00 .6175E+00
.5880E+03 .1855E+01 .1203E+01 .1090E+00 .6084E+00
.5890E+03 .1703E+01 .1090E+01 .9870E-01 .5513E+00
.5900E+03 .1775E+01 .1140E+01 .1026E+00 .5757E+00
.5910E+03 .1843E+01 .1193E+01 .1066E+00 .6018E+00
.5920E+03 .1841E+01 .1188E+01 .1057E+00 .5990E+00
.5930E+03 .1845E+01 .1196E+01 .1056E+00 .6020E+00
.5940E+03 .1842E+01 .1194E+01 .1048E+00 .6003E+00
.5950E+03 .1812E+01 .1172E+01 .1023E+00 .5887E+00
.5960E+03 .1840E+01 .1196E+01 .1037E+00 .6002E+00
.5970E+03 .1828E+01 .1187E+01 .1023E+00 .5950E+00
.5980E+03 .1811E+01 .1180E+01 .1010E+00 .5910E+00
.5990E+03 .1806E+01 .1180E+01 .1003E+00 .5900E+00
.6000E+03 .1797E+01 .1177E+01 .9949E-01 .5880E+00
.6010E+03 .1774E+01 .1163E+01 .9781E-01 .5807E+00
.6020E+03 .1761E+01 .1154E+01 .9662E-01 .5757E+00
.6030E+03 .1786E+01 .1171E+01 .9761E-01 .5838E+00
.6040E+03 .1814E+01 .1190E+01 .9875E-01 .5925E+00
.6050E+03 .1803E+01 .1185E+01 .9793E-01 .5897E+00
.6060E+03 .1792E+01 .1184E+01 .9742E-01 .5890E+00
.6070E+03 .1805E+01 .1200E+01 .9833E-01 .5966E+00
.6080E+03 .1781E+01 .1190E+01 .9714E-01 .5913E+00
.6090E+03 .1781E+01 .1195E+01 .9719E-01 .5932E+00
.6100E+03 .1765E+01 .1187E+01 .9627E-01 .5889E+00
.6110E+03 .1772E+01 .1195E+01 .9669E-01 .5929E+00
.6120E+03 .1765E+01 .1193E+01 .9622E-01 .5913E+00
.6130E+03 .1741E+01 .1178E+01 .9484E-01 .5840E+00
.6140E+03 .1714E+01 .1164E+01 .9339E-01 .5766E+00
.6150E+03 .1748E+01 .1192E+01 .9529E-01 .5900E+00
.6160E+03 .1688E+01 .1154E+01 .9201E-01 .5712E+00
.6170E+03 .1683E+01 .1153E+01 .9164E-01 .5704E+00
.6180E+03 .1746E+01 .1199E+01 .9494E-01 .5925E+00
.6190E+03 .1728E+01 .1187E+01 .9378E-01 .5867E+00
.6200E+03 .1739E+01 .1194E+01 .9408E-01 .5898E+00
.6210E+03 .1744E+01 .1192E+01 .9376E-01 .5886E+00
.6220E+03 .1728E+01 .1163E+01 .9157E-01 .5745E+00
.6230E+03 .1705E+01 .1132E+01 .8917E-01 .5591E+00
.6240E+03 .1673E+01 .1122E+01 .8787E-01 .5535E+00
.6250E+03 .1669E+01 .1133E+01 .8823E-01 .5586E+00
.6260E+03 .1694E+01 .1155E+01 .8963E-01 .5692E+00
.6270E+03 .1722E+01 .1174E+01 .9083E-01 .5781E+00
.6280E+03 .1720E+01 .1104E+01 .8653E-01 .5447E+00
.6290E+03 .1720E+01 .1153E+01 .8916E-01 .5680E+00
.6300E+03 .1684E+01 .1126E+01 .8690E-01 .5545E+00
.6310E+03 .1685E+01 .1155E+01 .8832E-01 .5679E+00
.6320E+03 .1659E+01 .1151E+01 .8752E-01 .5654E+00
.6330E+03 .1694E+01 .1189E+01 .8991E-01 .5837E+00
.6340E+03 .1666E+01 .1178E+01 .8867E-01 .5778E+00
.6350E+03 .1687E+01 .1199E+01 .8984E-01 .5874E+00
.6360E+03 .1658E+01 .1182E+01 .8829E-01 .5788E+00
.6370E+03 .1681E+01 .1201E+01 .8944E-01 .5880E+00
.6380E+03 .1689E+01 .1212E+01 .8992E-01 .5929E+00
.6390E+03 .1666E+01 .1201E+01 .8880E-01 .5873E+00
.6400E+03 .1646E+01 .1192E+01 .8779E-01 .5824E+00
.6410E+03 .1642E+01 .1193E+01 .8759E-01 .5828E+00
.6420E+03 .1630E+01 .1188E+01 .8697E-01 .5803E+00
.6430E+03 .1652E+01 .1207E+01 .8806E-01 .5891E+00
.6440E+03 .1643E+01 .1204E+01 .8751E-01 .5871E+00
.6450E+03 .1648E+01 .1210E+01 .8769E-01 .5898E+00
.6460E+03 .1623E+01 .1192E+01 .8615E-01 .5808E+00
.6470E+03 .1631E+01 .1195E+01 .8624E-01 .5823E+00
.6480E+03 .1646E+01 .1205E+01 .8671E-01 .5870E+00
.6490E+03 .1614E+01 .1182E+01 .8485E-01 .5756E+00
.6500E+03 .1582E+01 .1170E+01 .8350E-01 .5690E+00
.6510E+03 .1641E+01 .1217E+01 .8660E-01 .5918E+00
.6520E+03 .1622E+01 .1196E+01 .8496E-01 .5813E+00
.6530E+03 .1620E+01 .1205E+01 .8520E-01 .5853E+00
.6540E+03 .1596E+01 .1190E+01 .8388E-01 .5777E+00
.6550E+03 .1561E+01 .1159E+01 .8155E-01 .5626E+00
.6560E+03 .1367E+01 .1019E+01 .7146E-01 .4946E+00
.6570E+03 .1403E+01 .1047E+01 .7317E-01 .5077E+00
.6580E+03 .1561E+01 .1167E+01 .8129E-01 .5656E+00
.6590E+03 .1565E+01 .1167E+01 .8117E-01 .5657E+00
.6600E+03 .1569E+01 .1161E+01 .8069E-01 .5625E+00
.6610E+03 .1580E+01 .1145E+01 .7982E-01 .5552E+00
.6620E+03 .1590E+01 .1129E+01 .7891E-01 .5475E+00
.6630E+03 .1556E+01 .1117E+01 .7767E-01 .5415E+00
.6640E+03 .1564E+01 .1149E+01 .7922E-01 .5564E+00
.6650E+03 .1558E+01 .1162E+01 .7957E-01 .5617E+00
.6660E+03 .1556E+01 .1172E+01 .7990E-01 .5666E+00
.6670E+03 .1551E+01 .1179E+01 .7998E-01 .5692E+00
.6680E+03 .1548E+01 .1183E+01 .7997E-01 .5709E+00
.6690E+03 .1569E+01 .1204E+01 .8113E-01 .5808E+00
.6700E+03 .1561E+01 .1200E+01 .8065E-01 .5789E+00
.6710E+03 .1559E+01 .1201E+01 .8049E-01 .5791E+00
.6720E+03 .1544E+01 .1192E+01 .7967E-01 .5745E+00
.6730E+03 .1566E+01 .1211E+01 .8074E-01 .5836E+00
.6740E+03 .1559E+01 .1208E+01 .8030E-01 .5818E+00
.6750E+03 .1543E+01 .1198E+01 .7942E-01 .5768E+00
.6760E+03 .1553E+01 .1207E+01 .7980E-01 .5809E+00
.6770E+03 .1536E+01 .1196E+01 .7884E-01 .5752E+00
.6780E+03 .1539E+01 .1199E+01 .7889E-01 .5767E+00
.6790E+03 .1513E+01 .1181E+01 .7747E-01 .5676E+00
.6800E+03 .1525E+01 .1191E+01 .7796E-01 .5726E+00
.6810E+03 .1514E+01 .1185E+01 .7735E-01 .5694E+00
.6820E+03 .1512E+01 .1185E+01 .7715E-01 .5692E+00
.6830E+03 .1509E+01 .1184E+01 .7689E-01 .5686E+00
.6840E+03 .1502E+01 .1180E+01 .7642E-01 .5663E+00
.6850E+03 .1513E+01 .1191E+01 .7693E-01 .5713E+00
.6860E+03 .1506E+01 .1185E+01 .7642E-01 .5685E+00
.6870E+03 .1525E+01 .7959E+00 .5711E-01 .3875E+00
.6880E+03 .1507E+01 .9287E+00 .6366E-01 .4492E+00
.6890E+03 .1504E+01 .9329E+00 .6374E-01 .4510E+00
.6900E+03 .1494E+01 .9788E+00 .6581E-01 .4721E+00
.6910E+03 .1482E+01 .1032E+01 .6822E-01 .4966E+00
.6920E+03 .1469E+01 .1079E+01 .7028E-01 .5182E+00
.6930E+03 .1471E+01 .1104E+01 .7150E-01 .5299E+00
.6940E+03 .1475E+01 .1123E+01 .7242E-01 .5387E+00
.6950E+03 .1475E+01 .1148E+01 .7366E-01 .5504E+00
.6960E+03 .1488E+01 .1156E+01 .7418E-01 .5542E+00
.6970E+03 .1481E+01 .1178E+01 .7520E-01 .5643E+00
.6980E+03 .1461E+01 .1163E+01 .7420E-01 .5568E+00
.6990E+03 .1480E+01 .1166E+01 .7466E-01 .5588E+00
.7000E+03 .1462E+01 .1153E+01 .7384E-01 .5525E+00
.7010E+03 .1459E+01 .1150E+01 .7370E-01 .5510E+00
.7020E+03 .1450E+01 .1149E+01 .7358E-01 .5504E+00
.7030E+03 .1457E+01 .1153E+01 .7388E-01 .5524E+00
.7040E+03 .1471E+01 .1172E+01 .7506E-01 .5617E+00
.7050E+03 .1473E+01 .1178E+01 .7540E-01 .5643E+00
.7060E+03 .1459E+01 .1169E+01 .7487E-01 .5602E+00
.7070E+03 .1455E+01 .1169E+01 .7491E-01 .5602E+00
.7080E+03 .1459E+01 .1172E+01 .7518E-01 .5618E+00
.7090E+03 .1444E+01 .1165E+01 .7470E-01 .5582E+00
.7100E+03 .1451E+01 .1170E+01 .7511E-01 .5608E+00
.7110E+03 .1444E+01 .1166E+01 .7488E-01 .5588E+00
.7120E+03 .1433E+01 .1159E+01 .7447E-01 .5555E+00
.7130E+03 .1424E+01 .1152E+01 .7411E-01 .5523E+00
.7140E+03 .1430E+01 .1157E+01 .7449E-01 .5546E+00
.7150E+03 .1403E+01 .1132E+01 .7301E-01 .5429E+00
.7160E+03 .1410E+01 .1139E+01 .7351E-01 .5462E+00
.7170E+03 .1430E+01 .1099E+01 .7171E-01 .5278E+00
.7180E+03 .1407E+01 .1067E+01 .6959E-01 .5123E+00
.7190E+03 .1381E+01 .1008E+01 .6604E-01 .4845E+00
.7200E+03 .1408E+01 .1045E+01 .6858E-01 .5023E+00
.7210E+03 .1392E+01 .1066E+01 .6974E-01 .5121E+00
.7220E+03 .1391E+01 .1120E+01 .7303E-01 .5381E+00
.7230E+03 .1404E+01 .1100E+01 .7195E-01 .5286E+00
.7240E+03 .1392E+01 .1054E+01 .6923E-01 .5067E+00
.7250E+03 .1383E+01 .1055E+01 .6938E-01 .5074E+00
.7260E+03 .1385E+01 .1070E+01 .7057E-01 .5147E+00
.7270E+03 .1394E+01 .1078E+01 .7086E-01 .5182E+00
.7280E+03 .1370E+01 .1045E+01 .6914E-01 .5029E+00
.7290E+03 .1342E+01 .1040E+01 .6865E-01 .5004E+00
.7300E+03 .1375E+01 .1085E+01 .7147E-01 .5217E+00
.7310E+03 .1364E+01 .1059E+01 .6999E-01 .5097E+00
.7320E+03 .1368E+01 .1087E+01 .7158E-01 .5227E+00
.7330E+03 .1363E+01 .1106E+01 .7259E-01 .5315E+00
.7340E+03 .1378E+01 .1122E+01 .7362E-01 .5394E+00
.7350E+03 .1358E+01 .1104E+01 .7246E-01 .5309E+00
.7360E+03 .1352E+01 .1102E+01 .7225E-01 .5298E+00
.7370E+03 .1362E+01 .1109E+01 .7269E-01 .5332E+00
.7380E+03 .1340E+01 .1103E+01 .7212E-01 .5301E+00
.7390E+03 .1317E+01 .1085E+01 .7085E-01 .5212E+00
.7400E+03 .1337E+01 .1104E+01 .7204E-01 .5304E+00
.7410E+03 .1315E+01 .1088E+01 .7087E-01 .5225E+00
.7420E+03 .1309E+01 .1085E+01 .7057E-01 .5210E+00
.7430E+03 .1340E+01 .1112E+01 .7218E-01 .5336E+00
.7440E+03 .1331E+01 .1106E+01 .7170E-01 .5308E+00
.7450E+03 .1328E+01 .1104E+01 .7145E-01 .5298E+00
.7460E+03 .1334E+01 .1110E+01 .7168E-01 .5323E+00
.7470E+03 .1337E+01 .1112E+01 .7168E-01 .5333E+00
.7480E+03 .1333E+01 .1110E+01 .7142E-01 .5322E+00
.7490E+03 .1318E+01 .1098E+01 .7051E-01 .5262E+00
.7500E+03 .1317E+01 .1098E+01 .7039E-01 .5260E+00
.7510E+03 .1303E+01 .1087E+01 .6960E-01 .5209E+00
.7520E+03 .1309E+01 .1092E+01 .6982E-01 .5233E+00
.7530E+03 .1315E+01 .1098E+01 .7009E-01 .5260E+00
.7540E+03 .1318E+01 .1102E+01 .7017E-01 .5275E+00
.7550E+03 .1311E+01 .1096E+01 .6968E-01 .5247E+00
.7560E+03 .1310E+01 .1096E+01 .6952E-01 .5244E+00
.7570E+03 .1312E+01 .1098E+01 .6949E-01 .5253E+00
.7580E+03 .1296E+01 .1085E+01 .6851E-01 .5189E+00
.7590E+03 .1292E+01 .1065E+01 .6725E-01 .5093E+00
.7600E+03 .1292E+01 .1826E+00 .1652E-01 .9229E-01
.7610E+03 .1288E+01 .9661E-01 .1016E-01 .5027E-01
.7620E+03 .1265E+01 .5525E+00 .3887E-01 .2682E+00
.7630E+03 .1289E+01 .2780E+00 .2264E-01 .1380E+00
.7640E+03 .1282E+01 .4168E+00 .3098E-01 .2040E+00
.7650E+03 .1268E+01 .5527E+00 .3860E-01 .2680E+00
.7660E+03 .1217E+01 .6756E+00 .4493E-01 .3254E+00
.7670E+03 .1258E+01 .8498E+00 .5440E-01 .4071E+00
.7680E+03 .1263E+01 .9787E+00 .6103E-01 .4673E+00
.7690E+03 .1251E+01 .9989E+00 .6181E-01 .4765E+00
.7700E+03 .1251E+01 .1033E+01 .6338E-01 .4920E+00
.7710E+03 .1242E+01 .1041E+01 .6356E-01 .4957E+00
.7720E+03 .1239E+01 .1043E+01 .6349E-01 .4966E+00
.7730E+03 .1247E+01 .1051E+01 .6374E-01 .5001E+00
.7740E+03 .1239E+01 .1046E+01 .6324E-01 .4976E+00
.7750E+03 .1229E+01 .1039E+01 .6257E-01 .4937E+00
.7760E+03 .1243E+01 .1051E+01 .6314E-01 .4996E+00
.7770E+03 .1227E+01 .1038E+01 .6213E-01 .4930E+00
.7780E+03 .1220E+01 .1032E+01 .6159E-01 .4900E+00
.7790E+03 .1221E+01 .1033E+01 .6149E-01 .4904E+00
.7800E+03 .1213E+01 .1028E+01 .6100E-01 .4876E+00
.7810E+03 .1214E+01 .1029E+01 .6093E-01 .4882E+00
.7820E+03 .1222E+01 .1036E+01 .6121E-01 .4913E+00
.7830E+03 .1200E+01 .1019E+01 .6003E-01 .4829E+00
.7840E+03 .1205E+01 .1024E+01 .6020E-01 .4852E+00
.7850E+03 .1198E+01 .1018E+01 .5974E-01 .4824E+00
.7860E+03 .1212E+01 .1031E+01 .6035E-01 .4884E+00
.7870E+03 .1207E+01 .1024E+01 .5984E-01 .4850E+00
.7880E+03 .1201E+01 .1018E+01 .5933E-01 .4817E+00
.7890E+03 .1207E+01 .1022E+01 .5944E-01 .4838E+00
.7900E+03 .1205E+01 .1012E+01 .5877E-01 .4787E+00
.7910E+03 .1189E+01 .1006E+01 .5820E-01 .4757E+00
.7920E+03 .1177E+01 .9968E+00 .5753E-01 .4713E+00
.7930E+03 .1162E+01 .9832E+00 .5661E-01 .4648E+00
.7940E+03 .1148E+01 .9804E+00 .5625E-01 .4632E+00
.7950E+03 .1175E+01 .1002E+01 .5736E-01 .4734E+00
.7960E+03 .1179E+01 .9953E+00 .5690E-01 .4701E+00
.7970E+03 .1178E+01 .9966E+00 .5683E-01 .4705E+00
.7980E+03 .1177E+01 .1005E+01 .5706E-01 .4741E+00
.7990E+03 .1178E+01 .1004E+01 .5687E-01 .4735E+00
.8000E+03 .1168E+01 .9930E+00 .5614E-01 .4684E+00
.8010E+03 .1171E+01 .9938E+00 .5606E-01 .4686E+00
.8020E+03 .1166E+01 .9906E+00 .5573E-01 .4670E+00
.8030E+03 .1161E+01 .9861E+00 .5534E-01 .4647E+00
.8040E+03 .1159E+01 .9854E+00 .5514E-01 .4642E+00
.8050E+03 .1144E+01 .9761E+00 .5445E-01 .4596E+00
.8060E+03 .1160E+01 .9939E+00 .5524E-01 .4678E+00
.8070E+03 .1150E+01 .9849E+00 .5459E-01 .4634E+00
.8080E+03 .1148E+01 .9839E+00 .5437E-01 .4628E+00
.8090E+03 .1139E+01 .9733E+00 .5366E-01 .4577E+00
.8100E+03 .1142E+01 .9743E+00 .5356E-01 .4580E+00
.8110E+03 .1153E+01 .9813E+00 .5382E-01 .4612E+00
.8120E+03 .1154E+01 .9720E+00 .5323E-01 .4567E+00
.8130E+03 .1157E+01 .9659E+00 .5279E-01 .4537E+00
.8140E+03 .1149E+01 .9190E+00 .5038E-01 .4318E+00
.8150E+03 .1143E+01 .9146E+00 .4999E-01 .4297E+00
.8160E+03 .1141E+01 .8946E+00 .4857E-01 .4199E+00
.8170E+03 .1137E+01 .8918E+00 .4831E-01 .4185E+00
.8180E+03 .1114E+01 .8705E+00 .4709E-01 .4084E+00
.8190E+03 .1108E+01 .8984E+00 .4837E-01 .4213E+00
.8200E+03 .1101E+01 .8764E+00 .4712E-01 .4109E+00
.8210E+03 .1100E+01 .9311E+00 .4978E-01 .4363E+00
.8220E+03 .1102E+01 .9248E+00 .4934E-01 .4332E+00
.8230E+03 .1113E+01 .7886E+00 .4281E-01 .3702E+00
.8240E+03 .1110E+01 .9252E+00 .4921E-01 .4333E+00
.8250E+03 .1107E+01 .9295E+00 .4925E-01 .4351E+00
.8260E+03 .1115E+01 .9188E+00 .4875E-01 .4302E+00
.8270E+03 .1113E+01 .9414E+00 .4966E-01 .4405E+00
.8280E+03 .1107E+01 .8841E+00 .4673E-01 .4137E+00
.8290E+03 .1100E+01 .9143E+00 .4805E-01 .4276E+00
.8300E+03 .1097E+01 .9132E+00 .4788E-01 .4270E+00
.8310E+03 .1090E+01 .9108E+00 .4765E-01 .4258E+00
.8320E+03 .1093E+01 .9038E+00 .4719E-01 .4224E+00
.8330E+03 .1059E+01 .9015E+00 .4693E-01 .4211E+00
.8340E+03 .1064E+01 .8935E+00 .4649E-01 .4174E+00
.8350E+03 .1081E+01 .9321E+00 .4820E-01 .4351E+00
.8360E+03 .1086E+01 .9216E+00 .4765E-01 .4302E+00
.8370E+03 .1081E+01 .9335E+00 .4802E-01 .4355E+00
.8380E+03 .1064E+01 .9157E+00 .4702E-01 .4271E+00
.8390E+03 .1061E+01 .9181E+00 .4700E-01 .4281E+00
.8400E+03 .1079E+01 .9353E+00 .4774E-01 .4360E+00
.8410E+03 .1073E+01 .9277E+00 .4725E-01 .4323E+00
.8420E+03 .1063E+01 .9222E+00 .4682E-01 .4296E+00
.8430E+03 .1051E+01 .9142E+00 .4628E-01 .4258E+00
.8440E+03 .1044E+01 .9067E+00 .4579E-01 .4222E+00
.8450E+03 .1069E+01 .9307E+00 .4686E-01 .4332E+00
.8460E+03 .1062E+01 .9258E+00 .4648E-01 .4308E+00
.8470E+03 .1039E+01 .9062E+00 .4537E-01 .4215E+00
.8480E+03 .1038E+01 .9042E+00 .4515E-01 .4205E+00
.8490E+03 .1008E+01 .8788E+00 .4376E-01 .4085E+00
.8500E+03 .9651E+00 .8414E+00 .4178E-01 .3911E+00
.8510E+03 .1028E+01 .8946E+00 .4430E-01 .4157E+00
.8520E+03 .1018E+01 .8871E+00 .4380E-01 .4120E+00
.8530E+03 .9752E+00 .8507E+00 .4188E-01 .3950E+00
.8540E+03 .8461E+00 .7375E+00 .3622E-01 .3424E+00
.8550E+03 .9238E+00 .8067E+00 .3953E-01 .3744E+00
.8560E+03 .1012E+01 .8837E+00 .4321E-01 .4101E+00
.8570E+03 .1031E+01 .9012E+00 .4396E-01 .4181E+00
.8580E+03 .1025E+01 .8960E+00 .4361E-01 .4155E+00
.8590E+03 .1023E+01 .8958E+00 .4350E-01 .4153E+00
.8600E+03 .1024E+01 .8966E+00 .4345E-01 .4156E+00
.8610E+03 .1019E+01 .8925E+00 .4316E-01 .4136E+00
.8620E+03 .1034E+01 .9063E+00 .4373E-01 .4199E+00
.8630E+03 .1058E+01 .9281E+00 .4469E-01 .4299E+00
.8640E+03 .1005E+01 .8820E+00 .4238E-01 .4085E+00
.8650E+03 .9959E+00 .8744E+00 .4192E-01 .4049E+00
.8660E+03 .8954E+00 .7865E+00 .3762E-01 .3641E+00
.8670E+03 .9343E+00 .8210E+00 .3918E-01 .3800E+00
.8680E+03 .1017E+01 .8937E+00 .4255E-01 .4135E+00
.8690E+03 .9952E+00 .8753E+00 .4159E-01 .4050E+00
.8700E+03 .1023E+01 .9005E+00 .4269E-01 .4165E+00
.8710E+03 .1010E+01 .8886E+00 .4202E-01 .4109E+00
.8720E+03 .1006E+01 .8856E+00 .4178E-01 .4094E+00
.8730E+03 .1004E+01 .8841E+00 .4161E-01 .4086E+00
.8740E+03 .9917E+00 .8738E+00 .4103E-01 .4037E+00
.8750E+03 .9719E+00 .8565E+00 .4012E-01 .3957E+00
.8760E+03 .9823E+00 .8659E+00 .4046E-01 .3999E+00
.8770E+03 .9918E+00 .8745E+00 .4077E-01 .4038E+00
.8780E+03 .1004E+01 .8850E+00 .4116E-01 .4085E+00
.8790E+03 .9879E+00 .8714E+00 .4043E-01 .4022E+00
.8800E+03 .9666E+00 .8529E+00 .3947E-01 .3935E+00
.8810E+03 .9549E+00 .8421E+00 .3888E-01 .3885E+00
.8820E+03 .9761E+00 .8609E+00 .3965E-01 .3970E+00
.8830E+03 .9773E+00 .8626E+00 .3962E-01 .3977E+00
.8840E+03 .9734E+00 .8592E+00 .3937E-01 .3960E+00
.8850E+03 .9807E+00 .8658E+00 .3957E-01 .3990E+00
.8860E+03 .9440E+00 .8313E+00 .3792E-01 .3830E+00
.8870E+03 .9473E+00 .8361E+00 .3803E-01 .3851E+00
.8880E+03 .9679E+00 .8531E+00 .3871E-01 .3928E+00
.8890E+03 .9682E+00 .8558E+00 .3873E-01 .3940E+00
.8900E+03 .9710E+00 .8559E+00 .3866E-01 .3940E+00
.8910E+03 .9637E+00 .8516E+00 .3836E-01 .3919E+00
.8920E+03 .9483E+00 .8346E+00 .3754E-01 .3840E+00
.8930E+03 .9426E+00 .8221E+00 .3694E-01 .3782E+00
.8940E+03 .9449E+00 .8143E+00 .3656E-01 .3746E+00
.8950E+03 .9411E+00 .7984E+00 .3584E-01 .3673E+00
.8960E+03 .9550E+00 .7953E+00 .3555E-01 .3657E+00
.8970E+03 .9406E+00 .7480E+00 .3345E-01 .3440E+00
.8980E+03 .9446E+00 .7666E+00 .3419E-01 .3524E+00
.8990E+03 .9418E+00 .6589E+00 .2982E-01 .3033E+00
.9000E+03 .9202E+00 .7527E+00 .3337E-01 .3458E+00
.9010E+03 .8886E+00 .6863E+00 .3052E-01 .3154E+00
.9020E+03 .8977E+00 .7086E+00 .3143E-01 .3256E+00
.9030E+03 .9318E+00 .7350E+00 .3250E-01 .3376E+00
.9040E+03 .9411E+00 .8160E+00 .3575E-01 .3745E+00
.9050E+03 .9385E+00 .8041E+00 .3518E-01 .3690E+00
.9060E+03 .9167E+00 .7717E+00 .3372E-01 .3541E+00
.9070E+03 .9242E+00 .7082E+00 .3107E-01 .3251E+00
.9080E+03 .9079E+00 .7169E+00 .3132E-01 .3289E+00
.9090E+03 .8894E+00 .7274E+00 .3166E-01 .3336E+00
.9100E+03 .9070E+00 .7055E+00 .3097E-01 .3238E+00
.9110E+03 .9022E+00 .7150E+00 .3124E-01 .3281E+00
.9120E+03 .9035E+00 .7309E+00 .3164E-01 .3351E+00
.9130E+03 .9233E+00 .7175E+00 .3130E-01 .3291E+00
.9140E+03 .9124E+00 .7158E+00 .3091E-01 .3280E+00
.9150E+03 .9048E+00 .7355E+00 .3180E-01 .3371E+00
.9160E+03 .9088E+00 .6893E+00 .2965E-01 .3158E+00
.9170E+03 .8959E+00 .7475E+00 .3205E-01 .3423E+00
.9180E+03 .9003E+00 .6998E+00 .2997E-01 .3205E+00
.9190E+03 .9034E+00 .7535E+00 .3214E-01 .3449E+00
.9200E+03 .8923E+00 .7548E+00 .3194E-01 .3453E+00
.9210E+03 .8700E+00 .7492E+00 .3168E-01 .3427E+00
.9220E+03 .8667E+00 .7176E+00 .3043E-01 .3283E+00
.9230E+03 .8429E+00 .7248E+00 .3050E-01 .3314E+00
.9240E+03 .8696E+00 .7292E+00 .3074E-01 .3334E+00
.9250E+03 .8694E+00 .7217E+00 .3038E-01 .3299E+00
.9260E+03 .8583E+00 .7214E+00 .3026E-01 .3297E+00
.9270E+03 .8856E+00 .7654E+00 .3189E-01 .3496E+00
.9280E+03 .8870E+00 .6895E+00 .2911E-01 .3153E+00
.9290E+03 .8752E+00 .6609E+00 .2796E-01 .3023E+00
.9300E+03 .8798E+00 .6066E+00 .2587E-01 .2777E+00
.9310E+03 .8798E+00 .5610E+00 .2388E-01 .2567E+00
.9320E+03 .8751E+00 .4801E+00 .2062E-01 .2199E+00
.9330E+03 .8785E+00 .4480E+00 .1946E-01 .2054E+00
.9340E+03 .8763E+00 .3688E+00 .1639E-01 .1695E+00
.9350E+03 .8659E+00 .4268E+00 .1822E-01 .1954E+00
.9360E+03 .8617E+00 .3416E+00 .1489E-01 .1567E+00
.9370E+03 .8678E+00 .3694E+00 .1618E-01 .1695E+00
.9380E+03 .8671E+00 .4126E+00 .1785E-01 .1891E+00
.9390E+03 .8609E+00 .5512E+00 .2297E-01 .2518E+00
.9400E+03 .8507E+00 .6050E+00 .2499E-01 .2761E+00
.9410E+03 .8198E+00 .5293E+00 .2207E-01 .2418E+00
.9420E+03 .8369E+00 .5599E+00 .2306E-01 .2555E+00
.9430E+03 .8471E+00 .4491E+00 .1868E-01 .2051E+00
.9440E+03 .8357E+00 .4319E+00 .1784E-01 .1971E+00
.9450E+03 .8441E+00 .5385E+00 .2223E-01 .2458E+00
.9460E+03 .8471E+00 .3772E+00 .1594E-01 .1725E+00
.9470E+03 .8490E+00 .5526E+00 .2273E-01 .2521E+00
.9480E+03 .8497E+00 .4505E+00 .1870E-01 .2057E+00
.9490E+03 .8490E+00 .6494E+00 .2613E-01 .2957E+00
.9500E+03 .8430E+00 .3531E+00 .1485E-01 .1614E+00
.9510E+03 .8384E+00 .6306E+00 .2528E-01 .2871E+00
.9520E+03 .8391E+00 .4670E+00 .1903E-01 .2129E+00
.9530E+03 .8315E+00 .5179E+00 .2108E-01 .2361E+00
.9540E+03 .8060E+00 .5496E+00 .2204E-01 .2502E+00
.9550E+03 .7924E+00 .5169E+00 .2065E-01 .2352E+00
.9560E+03 .8259E+00 .4940E+00 .2007E-01 .2251E+00
.9570E+03 .8195E+00 .4808E+00 .1931E-01 .2189E+00
.9580E+03 .8284E+00 .5634E+00 .2223E-01 .2561E+00
.9590E+03 .8292E+00 .5309E+00 .2117E-01 .2415E+00
.9600E+03 .8175E+00 .5703E+00 .2258E-01 .2593E+00
.9610E+03 .8215E+00 .5881E+00 .2310E-01 .2672E+00
.9620E+03 .8144E+00 .5731E+00 .2252E-01 .2604E+00
.9630E+03 .8104E+00 .6071E+00 .2362E-01 .2757E+00
.9640E+03 .8101E+00 .5784E+00 .2257E-01 .2627E+00
.9650E+03 .8069E+00 .5950E+00 .2304E-01 .2700E+00
.9660E+03 .8004E+00 .6183E+00 .2368E-01 .2803E+00
.9670E+03 .8073E+00 .6265E+00 .2394E-01 .2840E+00
.9680E+03 .8061E+00 .6766E+00 .2556E-01 .3064E+00
.9690E+03 .8056E+00 .6936E+00 .2620E-01 .3141E+00
.9700E+03 .8048E+00 .6754E+00 .2545E-01 .3058E+00
.9710E+03 .8023E+00 .7049E+00 .2640E-01 .3190E+00
.9720E+03 .8042E+00 .6875E+00 .2575E-01 .3111E+00
.9730E+03 .7957E+00 .6626E+00 .2485E-01 .2999E+00
.9740E+03 .7860E+00 .6355E+00 .2395E-01 .2877E+00
.9750E+03 .7955E+00 .6427E+00 .2402E-01 .2908E+00
.9760E+03 .7910E+00 .6394E+00 .2390E-01 .2893E+00
.9770E+03 .7893E+00 .6713E+00 .2488E-01 .3035E+00
.9780E+03 .7881E+00 .6589E+00 .2443E-01 .2979E+00
.9790E+03 .7815E+00 .6675E+00 .2466E-01 .3017E+00
.9800E+03 .7856E+00 .6548E+00 .2415E-01 .2960E+00
.9810E+03 .7898E+00 .6949E+00 .2551E-01 .3140E+00
.9820E+03 .7871E+00 .6827E+00 .2507E-01 .3085E+00
.9830E+03 .7814E+00 .6686E+00 .2456E-01 .3021E+00
.9840E+03 .7804E+00 .6957E+00 .2535E-01 .3142E+00
.9850E+03 .7810E+00 .6784E+00 .2477E-01 .3064E+00
.9860E+03 .7752E+00 .6979E+00 .2528E-01 .3150E+00
.9870E+03 .7737E+00 .6928E+00 .2507E-01 .3127E+00
.9880E+03 .7747E+00 .6928E+00 .2503E-01 .3126E+00
.9890E+03 .7625E+00 .6887E+00 .2479E-01 .3107E+00
.9900E+03 .7657E+00 .6863E+00 .2468E-01 .3096E+00
.9910E+03 .7670E+00 .6921E+00 .2479E-01 .3121E+00
.9920E+03 .7694E+00 .6949E+00 .2484E-01 .3133E+00
.9930E+03 .7674E+00 .6895E+00 .2464E-01 .3109E+00
.9940E+03 .7674E+00 .6937E+00 .2471E-01 .3127E+00
.9950E+03 .7639E+00 .6913E+00 .2458E-01 .3116E+00
.9960E+03 .7633E+00 .6905E+00 .2452E-01 .3112E+00
.9970E+03 .7630E+00 .6906E+00 .2448E-01 .3112E+00
.9980E+03 .7604E+00 .6880E+00 .2435E-01 .3100E+00
.9990E+03 .7569E+00 .6853E+00 .2421E-01 .3087E+00
.1000E+04 .7559E+00 .6835E+00 .2411E-01 .3078E+00
.1001E+04 .7605E+00 .6889E+00 .2424E-01 .3102E+00
.1002E+04 .7572E+00 .6813E+00 .2396E-01 .3068E+00
.1003E+04 .7482E+00 .6778E+00 .2377E-01 .3051E+00
.1004E+04 .7345E+00 .6641E+00 .2326E-01 .2989E+00
.1005E+04 .7013E+00 .6359E+00 .2222E-01 .2862E+00
.1006E+04 .7322E+00 .6631E+00 .2313E-01 .2984E+00
.1007E+04 .7456E+00 .6758E+00 .2354E-01 .3041E+00
.1008E+04 .7451E+00 .6747E+00 .2346E-01 .3035E+00
.1009E+04 .7447E+00 .6733E+00 .2337E-01 .3029E+00
.1010E+04 .7436E+00 .6718E+00 .2329E-01 .3022E+00
.1011E+04 .7414E+00 .6725E+00 .2325E-01 .3024E+00
.1012E+04 .7387E+00 .6691E+00 .2310E-01 .3009E+00
.1013E+04 .7387E+00 .6704E+00 .2310E-01 .3014E+00
.1014E+04 .7335E+00 .6658E+00 .2290E-01 .2993E+00
.1015E+04 .7293E+00 .6619E+00 .2273E-01 .2975E+00
.1016E+04 .7265E+00 .6592E+00 .2260E-01 .2962E+00
.1017E+04 .7288E+00 .6614E+00 .2263E-01 .2972E+00
.1018E+04 .7240E+00 .6576E+00 .2246E-01 .2954E+00
.1019E+04 .7152E+00 .6479E+00 .2210E-01 .2910E+00
.1020E+04 .7212E+00 .6550E+00 .2229E-01 .2942E+00
.1021E+04 .7190E+00 .6534E+00 .2220E-01 .2934E+00
.1022E+04 .7158E+00 .6499E+00 .2205E-01 .2918E+00
.1023E+04 .7241E+00 .6573E+00 .2226E-01 .2951E+00
.1024E+04 .7216E+00 .6535E+00 .2210E-01 .2934E+00
.1025E+04 .7211E+00 .6553E+00 .2211E-01 .2942E+00
.1026E+04 .7197E+00 .6537E+00 .2202E-01 .2934E+00
.1027E+04 .7178E+00 .6521E+00 .2193E-01 .2926E+00
.1028E+04 .7169E+00 .6511E+00 .2186E-01 .2922E+00
.1029E+04 .7089E+00 .6439E+00 .2158E-01 .2889E+00
.1030E+04 .7113E+00 .6466E+00 .2163E-01 .2900E+00
.1031E+04 .7095E+00 .6448E+00 .2154E-01 .2892E+00
.1032E+04 .7066E+00 .6423E+00 .2142E-01 .2880E+00
.1033E+04 .6962E+00 .6327E+00 .2106E-01 .2837E+00
.1034E+04 .6960E+00 .6326E+00 .2102E-01 .2836E+00
.1035E+04 .6981E+00 .6345E+00 .2105E-01 .2844E+00
.1036E+04 .7025E+00 .6383E+00 .2114E-01 .2861E+00
.1037E+04 .6908E+00 .6273E+00 .2074E-01 .2811E+00
.1038E+04 .6941E+00 .6305E+00 .2081E-01 .2825E+00
.1039E+04 .6941E+00 .6303E+00 .2077E-01 .2824E+00
.1040E+04 .6914E+00 .6278E+00 .2066E-01 .2812E+00
.1041E+04 .6947E+00 .6306E+00 .2071E-01 .2825E+00
.1042E+04 .6900E+00 .6262E+00 .2054E-01 .2805E+00
.1043E+04 .6881E+00 .6244E+00 .2044E-01 .2796E+00
.1044E+04 .6909E+00 .6267E+00 .2048E-01 .2806E+00
.1045E+04 .6819E+00 .6184E+00 .2018E-01 .2769E+00
.1046E+04 .6748E+00 .6117E+00 .1992E-01 .2738E+00
.1047E+04 .6813E+00 .6173E+00 .2008E-01 .2763E+00
.1048E+04 .6855E+00 .6209E+00 .2016E-01 .2779E+00
.1049E+04 .6836E+00 .6182E+00 .2005E-01 .2767E+00
.1050E+04 .6810E+00 .6154E+00 .1992E-01 .2754E+00
