Wvlgth Extraterrestrial_spectrm Direct_normal_irradiance Difuse_horizn_irradiance Global_horizn_irradiance
.2800E+03 .7607E-01 .1375E-25 .2130E-18 .2130E-18
.2805E+03 .9919E-01 .6381E-24 .1666E-18 .1666E-18
.2810E+03 .1664E+00 .4218E-23 .1677E-18 .1677E-18
.2815E+03 .2337E+00 .1874E-21 .1291E-17 .1291E-17
.2820E+03 .2827E+00 .1938E-20 .6286E-17 .6288E-17
.2825E+03 .3046E+00 .8840E-20 .1813E-16 .1814E-16
.2830E+03 .3325E+00 .4711E-19 .6030E-16 .6033E-16
.2835E+03 .3125E+00 .9715E-19 .9854E-16 .9860E-16
.2840E+03 .3113E+00 .3496E-17 .1375E-14 .1377E-14
.2845E+03 .2438E+00 .1471E-16 .3049E-14 .3058E-14
.2850E+03 .1149E+00 .4164E-16 .5162E-14 .5188E-14
.2855E+03 .1335E+00 .3974E-15 .2788E-13 .2813E-13
.2860E+03 .2915E+00 .2066E-14 .1144E-12 .1157E-12
.2865E+03 .3472E+00 .1414E-13 .4993E-12 .5081E-12
.2870E+03 .3663E+00 .5469E-13 .1387E-11 .1421E-11
.2875E+03 .3667E+00 .2955E-12 .5143E-11 .5328E-11
.2880E+03 .2428E+00 .1650E-11 .1553E-10 .1656E-10
.2885E+03 .3479E+00 .7449E-11 .5706E-10 .6170E-10
.2890E+03 .4073E+00 .2809E-10 .1745E-09 .1920E-09
.2895E+03 .4762E+00 .1194E-09 .5909E-09 .6655E-09
.2900E+03 .5989E+00 .4294E-09 .1760E-08 .2028E-08
.2905E+03 .6263E+00 .1090E-08 .3800E-08 .4480E-08
.2910E+03 .5912E+00 .2978E-08 .8584E-08 .1044E-07
.2915E+03 .5837E+00 .1125E-07 .2707E-07 .3409E-07
.2920E+03 .5554E+00 .3207E-07 .7028E-07 .9028E-07
.2925E+03 .4814E+00 .5195E-07 .1079E-06 .1403E-06
.2930E+03 .5500E+00 .1309E-06 .2575E-06 .3391E-06
.2935E+03 .5585E+00 .3902E-06 .7339E-06 .9773E-06
.2940E+03 .4886E+00 .7139E-06 .1318E-05 .1764E-05
.2945E+03 .5269E+00 .1340E-05 .2208E-05 .3044E-05
.2950E+03 .5003E+00 .2538E-05 .4283E-05 .5866E-05
.2955E+03 .5644E+00 .6719E-05 .9259E-05 .1345E-04
.2960E+03 .6021E+00 .1297E-04 .1728E-04 .2537E-04
.2965E+03 .4776E+00 .1801E-04 .2341E-04 .3464E-04
.2970E+03 .4112E+00 .2411E-04 .3084E-04 .4589E-04
.2975E+03 .5794E+00 .6303E-04 .7996E-04 .1193E-03
.2980E+03 .5407E+00 .9713E-04 .1235E-03 .1841E-03
.2985E+03 .3673E+00 .9583E-04 .1226E-03 .1824E-03
.2990E+03 .5592E+00 .2064E-03 .2673E-03 .3961E-03
.2995E+03 .5055E+00 .3226E-03 .4356E-03 .6369E-03
.3000E+03 .4039E+00 .3538E-03 .4930E-03 .7137E-03
.3005E+03 .4257E+00 .4935E-03 .7125E-03 .1020E-02
.3010E+03 .4789E+00 .8335E-03 .1298E-02 .1818E-02
.3015E+03 .5134E+00 .1246E-02 .2069E-02 .2847E-02
.3020E+03 .3629E+00 .1038E-02 .1671E-02 .2319E-02
.3025E+03 .5272E+00 .2003E-02 .3079E-02 .4328E-02
.3030E+03 .6561E+00 .3523E-02 .5127E-02 .7325E-02
.3035E+03 .6677E+00 .4378E-02 .6321E-02 .9052E-02
.3040E+03 .5596E+00 .4057E-02 .5815E-02 .8345E-02
.3045E+03 .6284E+00 .5731E-02 .8194E-02 .1177E-01
.3050E+03 .6524E+00 .8001E-02 .1150E-01 .1649E-01
.3055E+03 .5938E+00 .8729E-02 .1257E-01 .1801E-01
.3060E+03 .5257E+00 .8340E-02 .1196E-01 .1716E-01
.3065E+03 .5679E+00 .1009E-01 .1445E-01 .2075E-01
.3070E+03 .6246E+00 .1387E-01 .2010E-01 .2876E-01
.3075E+03 .6317E+00 .1717E-01 .2522E-01 .3593E-01
.3080E+03 .6363E+00 .1807E-01 .2642E-01 .3769E-01
.3085E+03 .6595E+00 .2067E-01 .3408E-01 .4697E-01
.3090E+03 .5448E+00 .1847E-01 .2976E-01 .4128E-01
.3095E+03 .4977E+00 .2075E-01 .3203E-01 .4497E-01
.3100E+03 .4507E+00 .2071E-01 .3128E-01 .4420E-01
.3105E+03 .6927E+00 .3357E-01 .4998E-01 .7092E-01
.3110E+03 .7986E+00 .4185E-01 .6127E-01 .8737E-01
.3115E+03 .7411E+00 .4042E-01 .5848E-01 .8370E-01
.3120E+03 .6222E+00 .3938E-01 .5580E-01 .8037E-01
.3125E+03 .6753E+00 .4714E-01 .6589E-01 .9530E-01
.3130E+03 .6894E+00 .5087E-01 .7035E-01 .1021E+00
.3135E+03 .7031E+00 .5032E-01 .6909E-01 .1005E+00
.3140E+03 .7690E+00 .6133E-01 .8325E-01 .1215E+00
.3145E+03 .5747E+00 .5244E-01 .7063E-01 .1033E+00
.3150E+03 .7307E+00 .6888E-01 .9206E-01 .1350E+00
.3155E+03 .6593E+00 .5925E-01 .7840E-01 .1154E+00
.3160E+03 .5022E+00 .5018E-01 .6606E-01 .9736E-01
.3165E+03 .6426E+00 .7014E-01 .9205E-01 .1358E+00
.3170E+03 .7974E+00 .8764E-01 .1140E+00 .1687E+00
.3175E+03 .8530E+00 .9260E-01 .1193E+00 .1771E+00
.3180E+03 .6149E+00 .7097E-01 .9110E-01 .1354E+00
.3185E+03 .6613E+00 .8469E-01 .1091E+00 .1619E+00
.3190E+03 .7301E+00 .9872E-01 .1271E+00 .1887E+00
.3195E+03 .6621E+00 .8401E-01 .1061E+00 .1585E+00
.3200E+03 .8109E+00 .1026E+00 .1283E+00 .1922E+00
.3205E+03 .8800E+00 .1230E+00 .1548E+00 .2315E+00
.3210E+03 .6934E+00 .1053E+00 .1337E+00 .1994E+00
.3215E+03 .6544E+00 .1010E+00 .1276E+00 .1906E+00
.3220E+03 .7898E+00 .1136E+00 .1397E+00 .2105E+00
.3225E+03 .6800E+00 .9896E-01 .1209E+00 .1826E+00
.3230E+03 .6204E+00 .9596E-01 .1176E+00 .1775E+00
.3235E+03 .6621E+00 .1123E+00 .1431E+00 .2131E+00
.3240E+03 .7574E+00 .1310E+00 .1661E+00 .2478E+00
.3245E+03 .8013E+00 .1356E+00 .1696E+00 .2541E+00
.3250E+03 .7602E+00 .1224E+00 .1459E+00 .2223E+00
.3255E+03 .9125E+00 .1541E+00 .1893E+00 .2854E+00
.3260E+03 .1020E+01 .1832E+00 .2255E+00 .3398E+00
.3265E+03 .9665E+00 .1809E+00 .2230E+00 .3359E+00
.3270E+03 .9783E+00 .1825E+00 .2226E+00 .3364E+00
.3275E+03 .9656E+00 .1786E+00 .2154E+00 .3268E+00
.3280E+03 .9239E+00 .1636E+00 .1940E+00 .2960E+00
.3285E+03 .8854E+00 .1677E+00 .1996E+00 .3042E+00
.3290E+03 .9929E+00 .1968E+00 .2355E+00 .3583E+00
.3295E+03 .1104E+01 .2227E+00 .2657E+00 .4047E+00
.3300E+03 .1127E+01 .2270E+00 .2680E+00 .4097E+00
.3305E+03 .9429E+00 .1859E+00 .2158E+00 .3317E+00
.3310E+03 .9744E+00 .1914E+00 .2198E+00 .3392E+00
.3315E+03 .9517E+00 .1926E+00 .2212E+00 .3414E+00
.3320E+03 .9754E+00 .2048E+00 .2363E+00 .3640E+00
.3325E+03 .9425E+00 .2016E+00 .2323E+00 .3580E+00
.3330E+03 .9492E+00 .2030E+00 .2314E+00 .3580E+00
.3335E+03 .8885E+00 .1873E+00 .2101E+00 .3270E+00
.3340E+03 .9131E+00 .1930E+00 .2147E+00 .3351E+00
.3345E+03 .1008E+01 .2198E+00 .2453E+00 .3824E+00
.3350E+03 .9247E+00 .2053E+00 .2291E+00 .3572E+00
.3355E+03 .1039E+01 .2337E+00 .2736E+00 .4194E+00
.3360E+03 .7171E+00 .1623E+00 .1888E+00 .2900E+00
.3365E+03 .8774E+00 .1976E+00 .2153E+00 .3386E+00
.3370E+03 .7297E+00 .1639E+00 .1767E+00 .2789E+00
.3375E+03 .9106E+00 .2051E+00 .2192E+00 .3472E+00
.3380E+03 .8594E+00 .1982E+00 .2123E+00 .3359E+00
.3385E+03 .9603E+00 .2241E+00 .2490E+00 .3888E+00
.3390E+03 .9510E+00 .2238E+00 .2443E+00 .3839E+00
.3395E+03 .9095E+00 .2152E+00 .2354E+00 .3697E+00
.3400E+03 .1099E+01 .2596E+00 .2710E+00 .4329E+00
.3405E+03 .9851E+00 .2345E+00 .2435E+00 .3898E+00
.3410E+03 .9347E+00 .2255E+00 .2404E+00 .3811E+00
.3415E+03 .8610E+00 .2096E+00 .2181E+00 .3489E+00
.3420E+03 .1028E+01 .2518E+00 .2593E+00 .4164E+00
.3425E+03 .9602E+00 .2369E+00 .2416E+00 .3894E+00
.3430E+03 .1051E+01 .2604E+00 .2664E+00 .4288E+00
.3435E+03 .9861E+00 .2452E+00 .2511E+00 .4040E+00
.3440E+03 .7431E+00 .1842E+00 .1961E+00 .3111E+00
.3445E+03 .7286E+00 .1828E+00 .1879E+00 .3019E+00
.3450E+03 .9677E+00 .2454E+00 .2450E+00 .3981E+00
.3455E+03 .9870E+00 .2522E+00 .2484E+00 .4058E+00
.3460E+03 .8377E+00 .2155E+00 .2100E+00 .3444E+00
.3465E+03 .9469E+00 .2451E+00 .2368E+00 .3896E+00
.3470E+03 .1012E+01 .2631E+00 .2543E+00 .4185E+00
.3475E+03 .8158E+00 .2131E+00 .2054E+00 .3383E+00
.3480E+03 .9305E+00 .2447E+00 .2324E+00 .3850E+00
.3485E+03 .9299E+00 .2459E+00 .2311E+00 .3845E+00
.3490E+03 .8606E+00 .2290E+00 .2136E+00 .3564E+00
.3495E+03 .8494E+00 .2273E+00 .2110E+00 .3528E+00
.3500E+03 .1048E+01 .2821E+00 .2601E+00 .4361E+00
.3505E+03 .1103E+01 .2984E+00 .2736E+00 .4597E+00
.3510E+03 .9832E+00 .2670E+00 .2441E+00 .4106E+00
.3515E+03 .9510E+00 .2590E+00 .2382E+00 .3997E+00
.3520E+03 .1021E+01 .2800E+00 .2541E+00 .4287E+00
.3525E+03 .7960E+00 .2196E+00 .1972E+00 .3341E+00
.3530E+03 .1001E+01 .2776E+00 .2473E+00 .4204E+00
.3535E+03 .1068E+01 .2977E+00 .2632E+00 .4489E+00
.3540E+03 .1108E+01 .3099E+00 .2721E+00 .4654E+00
.3545E+03 .1123E+01 .3154E+00 .2754E+00 .4722E+00
.3550E+03 .1117E+01 .3153E+00 .2741E+00 .4709E+00
.3555E+03 .1006E+01 .2860E+00 .2471E+00 .4255E+00
.3560E+03 .1051E+01 .3003E+00 .2579E+00 .4453E+00
.3565E+03 .8965E+00 .2573E+00 .2197E+00 .3802E+00
.3570E+03 .7403E+00 .2132E+00 .1812E+00 .3142E+00
.3575E+03 .9054E+00 .2619E+00 .2212E+00 .3846E+00
.3580E+03 .7166E+00 .2083E+00 .1749E+00 .3048E+00
.3585E+03 .6117E+00 .1786E+00 .1491E+00 .2605E+00
.3590E+03 .8547E+00 .2506E+00 .2082E+00 .3645E+00
.3595E+03 .1088E+01 .3201E+00 .2651E+00 .4648E+00
.3600E+03 .1152E+01 .3405E+00 .2802E+00 .4926E+00
.3605E+03 .9196E+00 .2730E+00 .2233E+00 .3936E+00
.3610E+03 .8365E+00 .2495E+00 .2029E+00 .3586E+00
.3615E+03 .9596E+00 .2879E+00 .2328E+00 .4124E+00
.3620E+03 .8267E+00 .2494E+00 .2007E+00 .3562E+00
.3625E+03 .1140E+01 .3458E+00 .2768E+00 .4925E+00
.3630E+03 .1021E+01 .3112E+00 .2478E+00 .4420E+00
.3635E+03 .9378E+00 .2872E+00 .2276E+00 .4068E+00
.3640E+03 .1144E+01 .3521E+00 .2776E+00 .4972E+00
.3645E+03 .9764E+00 .3016E+00 .2366E+00 .4248E+00
.3650E+03 .9929E+00 .3079E+00 .2404E+00 .4325E+00
.3655E+03 .1244E+01 .3874E+00 .3009E+00 .5426E+00
.3660E+03 .1315E+01 .4115E+00 .3179E+00 .5746E+00
.3665E+03 .1232E+01 .3875E+00 .2979E+00 .5396E+00
.3670E+03 .1198E+01 .3782E+00 .2893E+00 .5252E+00
.3675E+03 .1242E+01 .3933E+00 .2993E+00 .5446E+00
.3680E+03 .1085E+01 .3448E+00 .2611E+00 .4763E+00
.3685E+03 .1093E+01 .3489E+00 .2630E+00 .4806E+00
.3690E+03 .1178E+01 .3778E+00 .2834E+00 .5191E+00
.3695E+03 .1254E+01 .4038E+00 .3015E+00 .5534E+00
.3700E+03 .1334E+01 .4317E+00 .3207E+00 .5900E+00
.3705E+03 .1034E+01 .3359E+00 .2484E+00 .4579E+00
.3710E+03 .1102E+01 .3598E+00 .2648E+00 .4892E+00
.3715E+03 .1378E+01 .4513E+00 .3304E+00 .6120E+00
.3720E+03 .9135E+00 .3002E+00 .2188E+00 .4061E+00
.3725E+03 .1094E+01 .3609E+00 .2617E+00 .4868E+00
.3730E+03 .1110E+01 .3679E+00 .2656E+00 .4951E+00
.3735E+03 .7210E+00 .2399E+00 .1724E+00 .3221E+00
.3740E+03 .1046E+01 .3495E+00 .2500E+00 .4680E+00
.3745E+03 .8648E+00 .2901E+00 .2065E+00 .3875E+00
.3750E+03 .8397E+00 .2826E+00 .2003E+00 .3766E+00
.3755E+03 .1253E+01 .4230E+00 .2983E+00 .5622E+00
.3760E+03 .1037E+01 .3515E+00 .2468E+00 .4660E+00
.3765E+03 .1074E+01 .3651E+00 .2552E+00 .4829E+00
.3770E+03 .1135E+01 .3875E+00 .2696E+00 .5113E+00
.3775E+03 .1326E+01 .4545E+00 .3147E+00 .5982E+00
.3780E+03 .1437E+01 .4939E+00 .3405E+00 .6486E+00
.3785E+03 .1357E+01 .4681E+00 .3212E+00 .6132E+00
.3790E+03 .1120E+01 .3873E+00 .2646E+00 .5062E+00
.3795E+03 .1023E+01 .3547E+00 .2412E+00 .4625E+00
.3800E+03 .1063E+01 .3696E+00 .2503E+00 .4808E+00
.3805E+03 .1285E+01 .4486E+00 .3024E+00 .5823E+00
.3810E+03 .1285E+01 .4505E+00 .3023E+00 .5833E+00
.3815E+03 .1016E+01 .3577E+00 .2390E+00 .4622E+00
.3820E+03 .9006E+00 .3182E+00 .2117E+00 .4103E+00
.3825E+03 .7659E+00 .2718E+00 .1800E+00 .3496E+00
.3830E+03 .7078E+00 .2521E+00 .1663E+00 .3235E+00
.3835E+03 .6807E+00 .2432E+00 .1597E+00 .3115E+00
.3840E+03 .7499E+00 .2688E+00 .1758E+00 .3435E+00
.3845E+03 .1101E+01 .3962E+00 .2580E+00 .5051E+00
.3850E+03 .1091E+01 .3937E+00 .2553E+00 .5009E+00
.3855E+03 .1014E+01 .3675E+00 .2372E+00 .4665E+00
.3860E+03 .8674E+00 .3154E+00 .2028E+00 .3995E+00
.3865E+03 .1137E+01 .4152E+00 .2658E+00 .5248E+00
.3870E+03 .9444E+00 .3458E+00 .2204E+00 .4361E+00
.3875E+03 .1060E+01 .3892E+00 .2471E+00 .4899E+00
.3880E+03 .9773E+00 .3601E+00 .2277E+00 .4523E+00
.3885E+03 .9646E+00 .3567E+00 .2246E+00 .4471E+00
.3890E+03 .1040E+01 .3858E+00 .2419E+00 .4826E+00
.3895E+03 .1259E+01 .4682E+00 .2924E+00 .5845E+00
.3900E+03 .1261E+01 .4709E+00 .2928E+00 .5865E+00
.3905E+03 .1160E+01 .4342E+00 .2689E+00 .5398E+00
.3910E+03 .1363E+01 .5121E+00 .3159E+00 .6353E+00
.3915E+03 .1389E+01 .5234E+00 .3215E+00 .6480E+00
.3920E+03 .1169E+01 .4417E+00 .2702E+00 .5458E+00
.3925E+03 .1045E+01 .3962E+00 .2414E+00 .4886E+00
.3930E+03 .5807E+00 .2209E+00 .1341E+00 .2719E+00
.3935E+03 .4215E+00 .1609E+00 .9724E-01 .1976E+00
.3940E+03 .8568E+00 .3280E+00 .1974E+00 .4020E+00
.3945E+03 .1088E+01 .4177E+00 .2505E+00 .5111E+00
.3950E+03 .1326E+01 .5107E+00 .3050E+00 .6235E+00
.3955E+03 .1347E+01 .5197E+00 .3092E+00 .6334E+00
.3960E+03 .1166E+01 .4514E+00 .2675E+00 .5491E+00
.3965E+03 .6806E+00 .2644E+00 .1560E+00 .3210E+00
.3970E+03 .5101E+00 .1988E+00 .1169E+00 .2409E+00
.3975E+03 .1036E+01 .4050E+00 .2372E+00 .4898E+00
.3980E+03 .1451E+01 .5682E+00 .3314E+00 .6859E+00
.3985E+03 .1499E+01 .5884E+00 .3418E+00 .7089E+00
.3990E+03 .1619E+01 .6382E+00 .3693E+00 .7675E+00
.3995E+03 .1612E+01 .6372E+00 .3674E+00 .7649E+00
.4000E+03 .1674E+01 .6629E+00 .3807E+00 .7942E+00
.4010E+03 .1715E+01 .6830E+00 .3924E+00 .8184E+00
.4020E+03 .1804E+01 .7230E+00 .4123E+00 .8633E+00
.4030E+03 .1709E+01 .6890E+00 .3900E+00 .8199E+00
.4040E+03 .1680E+01 .6806E+00 .3824E+00 .8070E+00
.4050E+03 .1677E+01 .6827E+00 .3808E+00 .8066E+00
.4060E+03 .1645E+01 .6737E+00 .3731E+00 .7934E+00
.4070E+03 .1614E+01 .6650E+00 .3656E+00 .7804E+00
.4080E+03 .1676E+01 .6931E+00 .3783E+00 .8106E+00
.4090E+03 .1791E+01 .7441E+00 .4032E+00 .8674E+00
.4100E+03 .1561E+01 .6519E+00 .3508E+00 .7575E+00
.4110E+03 .1687E+01 .7082E+00 .3785E+00 .8203E+00
.4120E+03 .1806E+01 .7626E+00 .4048E+00 .8805E+00
.4130E+03 .1761E+01 .7459E+00 .3932E+00 .8585E+00
.4140E+03 .1778E+01 .7574E+00 .3965E+00 .8689E+00
.4150E+03 .1778E+01 .7613E+00 .3958E+00 .8707E+00
.4160E+03 .1804E+01 .7768E+00 .4012E+00 .8858E+00
.4170E+03 .1758E+01 .7600E+00 .3898E+00 .8639E+00
.4180E+03 .1723E+01 .7481E+00 .3812E+00 .8479E+00
.4190E+03 .1742E+01 .7600E+00 .3846E+00 .8587E+00
.4200E+03 .1733E+01 .7588E+00 .3815E+00 .8549E+00
.4210E+03 .1809E+01 .7960E+00 .3976E+00 .8941E+00
.4220E+03 .1717E+01 .7586E+00 .3764E+00 .8497E+00
.4230E+03 .1674E+01 .7430E+00 .3663E+00 .8298E+00
.4240E+03 .1770E+01 .7882E+00 .3859E+00 .8776E+00
.4250E+03 .1763E+01 .7889E+00 .3838E+00 .8760E+00
.4260E+03 .1711E+01 .7700E+00 .3723E+00 .8527E+00
.4270E+03 .1677E+01 .7575E+00 .3640E+00 .8365E+00
.4280E+03 .1633E+01 .7398E+00 .3533E+00 .8148E+00
.4290E+03 .1542E+01 .7023E+00 .3334E+00 .7715E+00
.4300E+03 .1347E+01 .6160E+00 .2906E+00 .6749E+00
.4310E+03 .1335E+01 .6123E+00 .2870E+00 .6690E+00
.4320E+03 .1719E+01 .7924E+00 .3692E+00 .8635E+00
.4330E+03 .1726E+01 .7987E+00 .3698E+00 .8680E+00
.4340E+03 .1602E+01 .7435E+00 .3422E+00 .8060E+00
.4350E+03 .1673E+01 .7785E+00 .3561E+00 .8417E+00
.4360E+03 .1879E+01 .8789E+00 .3997E+00 .9480E+00
.4370E+03 .1848E+01 .8687E+00 .3927E+00 .9346E+00
.4380E+03 .1679E+01 .7926E+00 .3562E+00 .8507E+00
.4390E+03 .1740E+01 .8220E+00 .3670E+00 .8798E+00
.4400E+03 .1792E+01 .8500E+00 .3772E+00 .9075E+00
.4410E+03 .1852E+01 .8829E+00 .3895E+00 .9402E+00
.4420E+03 .1984E+01 .9491E+00 .4162E+00 .1008E+01
.4430E+03 .1934E+01 .9274E+00 .4043E+00 .9828E+00
.4440E+03 .1972E+01 .9489E+00 .4114E+00 .1003E+01
.4450E+03 .1930E+01 .9307E+00 .4012E+00 .9818E+00
.4460E+03 .1836E+01 .8898E+00 .3816E+00 .9367E+00
.4470E+03 .1980E+01 .9633E+00 .4109E+00 .1012E+01
.4480E+03 .2014E+01 .9808E+00 .4158E+00 .1028E+01
.4490E+03 .2014E+01 .9862E+00 .4158E+00 .1031E+01
.4500E+03 .2066E+01 .1016E+01 .4258E+00 .1059E+01
.4510E+03 .2141E+01 .1056E+01 .4401E+00 .1099E+01
.4520E+03 .2060E+01 .1019E+01 .4225E+00 .1058E+01
.4530E+03 .1935E+01 .9603E+00 .3960E+00 .9951E+00
.4540E+03 .2016E+01 .1004E+01 .4119E+00 .1038E+01
.4550E+03 .2027E+01 .1012E+01 .4130E+00 .1045E+01
.4560E+03 .2073E+01 .1038E+01 .4213E+00 .1069E+01
.4570E+03 .2106E+01 .1058E+01 .4267E+00 .1087E+01
.4580E+03 .2036E+01 .1024E+01 .4107E+00 .1050E+01
.4590E+03 .2023E+01 .1021E+01 .4069E+00 .1044E+01
.4600E+03 .2028E+01 .1026E+01 .4065E+00 .1046E+01
.4610E+03 .2073E+01 .1051E+01 .4143E+00 .1070E+01
.4620E+03 .2085E+01 .1061E+01 .4161E+00 .1078E+01
.4630E+03 .2071E+01 .1056E+01 .4119E+00 .1071E+01
.4640E+03 .2031E+01 .1040E+01 .4037E+00 .1052E+01
.4650E+03 .2000E+01 .1028E+01 .3974E+00 .1039E+01
.4660E+03 .2016E+01 .1040E+01 .4000E+00 .1048E+01
.4670E+03 .1981E+01 .1023E+01 .3915E+00 .1029E+01
.4680E+03 .2003E+01 .1037E+01 .3948E+00 .1042E+01
.4690E+03 .2013E+01 .1045E+01 .3956E+00 .1047E+01
.4700E+03 .1949E+01 .1014E+01 .3818E+00 .1014E+01
.4710E+03 .1945E+01 .1014E+01 .3801E+00 .1013E+01
.4720E+03 .2050E+01 .1071E+01 .3994E+00 .1067E+01
.4730E+03 .2024E+01 .1059E+01 .3932E+00 .1054E+01
.4740E+03 .2030E+01 .1063E+01 .3927E+00 .1056E+01
.4750E+03 .2052E+01 .1076E+01 .3951E+00 .1066E+01
.4760E+03 .1995E+01 .1047E+01 .3825E+00 .1036E+01
.4770E+03 .2004E+01 .1053E+01 .3825E+00 .1039E+01
.4780E+03 .2057E+01 .1083E+01 .3914E+00 .1067E+01
.4790E+03 .2039E+01 .1077E+01 .3870E+00 .1059E+01
.4800E+03 .2038E+01 .1080E+01 .3858E+00 .1059E+01
.4810E+03 .2070E+01 .1101E+01 .3911E+00 .1078E+01
.4820E+03 .2075E+01 .1107E+01 .3915E+00 .1082E+01
.4830E+03 .2044E+01 .1094E+01 .3854E+00 .1068E+01
.4840E+03 .1999E+01 .1073E+01 .3764E+00 .1046E+01
.4850E+03 .1902E+01 .1024E+01 .3577E+00 .9965E+00
.4860E+03 .1660E+01 .8961E+00 .3117E+00 .8708E+00
.4870E+03 .1737E+01 .9403E+00 .3258E+00 .9123E+00
.4880E+03 .1905E+01 .1033E+01 .3563E+00 .1001E+01
.4890E+03 .1913E+01 .1038E+01 .3563E+00 .1004E+01
.4900E+03 .2009E+01 .1094E+01 .3736E+00 .1056E+01
.4910E+03 .1971E+01 .1076E+01 .3660E+00 .1037E+01
.4920E+03 .1861E+01 .1018E+01 .3446E+00 .9795E+00
.4930E+03 .1921E+01 .1053E+01 .3549E+00 .1012E+01
.4940E+03 .1939E+01 .1065E+01 .3573E+00 .1021E+01
.4950E+03 .1955E+01 .1075E+01 .3593E+00 .1030E+01
.4960E+03 .1966E+01 .1083E+01 .3603E+00 .1036E+01
.4970E+03 .1996E+01 .1102E+01 .3649E+00 .1052E+01
.4980E+03 .1902E+01 .1052E+01 .3466E+00 .1003E+01
.4990E+03 .1928E+01 .1067E+01 .3499E+00 .1016E+01
.5000E+03 .1873E+01 .1038E+01 .3392E+00 .9869E+00
.5010E+03 .1841E+01 .1021E+01 .3318E+00 .9689E+00
.5020E+03 .1821E+01 .1010E+01 .3261E+00 .9561E+00
.5030E+03 .1901E+01 .1054E+01 .3385E+00 .9962E+00
.5040E+03 .1874E+01 .1035E+01 .3302E+00 .9758E+00
.5050E+03 .1923E+01 .1068E+01 .3394E+00 .1006E+01
.5060E+03 .1986E+01 .1105E+01 .3497E+00 .1039E+01
.5070E+03 .1889E+01 .1054E+01 .3321E+00 .9896E+00
.5080E+03 .1824E+01 .1022E+01 .3207E+00 .9581E+00
.5090E+03 .1870E+01 .1051E+01 .3287E+00 .9843E+00
.5100E+03 .1857E+01 .1046E+01 .3259E+00 .9785E+00
.5110E+03 .1902E+01 .1075E+01 .3336E+00 .1004E+01
.5120E+03 .1921E+01 .1088E+01 .3362E+00 .1015E+01
.5130E+03 .1817E+01 .1032E+01 .3176E+00 .9611E+00
.5140E+03 .1802E+01 .1026E+01 .3144E+00 .9542E+00
.5150E+03 .1784E+01 .1017E+01 .3105E+00 .9449E+00
.5160E+03 .1780E+01 .1016E+01 .3090E+00 .9431E+00
.5170E+03 .1580E+01 .9044E+00 .2737E+00 .8379E+00
.5180E+03 .1662E+01 .9524E+00 .2871E+00 .8812E+00
.5190E+03 .1743E+01 .1000E+01 .3003E+00 .9243E+00
.5200E+03 .1807E+01 .1038E+01 .3104E+00 .9581E+00
.5210E+03 .1825E+01 .1050E+01 .3124E+00 .9672E+00
.5220E+03 .1828E+01 .1052E+01 .3117E+00 .9682E+00
.5230E+03 .1796E+01 .1036E+01 .3054E+00 .9514E+00
.5240E+03 .1863E+01 .1075E+01 .3154E+00 .9860E+00
.5250E+03 .1889E+01 .1090E+01 .3182E+00 .9981E+00
.5260E+03 .1805E+01 .1043E+01 .3029E+00 .9534E+00
.5270E+03 .1705E+01 .9845E+00 .2846E+00 .8987E+00
.5280E+03 .1805E+01 .1043E+01 .2999E+00 .9504E+00
.5290E+03 .1905E+01 .1101E+01 .3149E+00 .1002E+01
.5300E+03 .1879E+01 .1087E+01 .3094E+00 .9874E+00
.5310E+03 .1908E+01 .1105E+01 .3130E+00 .1002E+01
.5320E+03 .1843E+01 .1069E+01 .3013E+00 .9680E+00
.5330E+03 .1789E+01 .1039E+01 .2916E+00 .9397E+00
.5340E+03 .1840E+01 .1071E+01 .2992E+00 .9673E+00
.5350E+03 .1878E+01 .1095E+01 .3047E+00 .9878E+00
.5360E+03 .1894E+01 .1106E+01 .3064E+00 .9963E+00
.5370E+03 .1817E+01 .1063E+01 .2934E+00 .9568E+00
.5380E+03 .1848E+01 .1084E+01 .2977E+00 .9738E+00
.5390E+03 .1833E+01 .1077E+01 .2944E+00 .9660E+00
.5400E+03 .1758E+01 .1034E+01 .2814E+00 .9263E+00
.5410E+03 .1775E+01 .1044E+01 .2827E+00 .9339E+00
.5420E+03 .1833E+01 .1079E+01 .2906E+00 .9635E+00
.5430E+03 .1809E+01 .1068E+01 .2863E+00 .9522E+00
.5440E+03 .1845E+01 .1089E+01 .2905E+00 .9697E+00
.5450E+03 .1838E+01 .1086E+01 .2884E+00 .9657E+00
.5460E+03 .1851E+01 .1092E+01 .2887E+00 .9702E+00
.5470E+03 .1846E+01 .1091E+01 .2871E+00 .9679E+00
.5480E+03 .1822E+01 .1079E+01 .2825E+00 .9555E+00
.5490E+03 .1826E+01 .1084E+01 .2825E+00 .9584E+00
.5500E+03 .1847E+01 .1098E+01 .2851E+00 .9703E+00
.5510E+03 .1824E+01 .1086E+01 .2807E+00 .9584E+00
.5520E+03 .1836E+01 .1095E+01 .2817E+00 .9650E+00
.5530E+03 .1804E+01 .1077E+01 .2757E+00 .9476E+00
.5540E+03 .1848E+01 .1104E+01 .2812E+00 .9699E+00
.5550E+03 .1853E+01 .1107E+01 .2806E+00 .9714E+00
.5560E+03 .1830E+01 .1094E+01 .2759E+00 .9584E+00
.5570E+03 .1774E+01 .1062E+01 .2663E+00 .9286E+00
.5580E+03 .1764E+01 .1055E+01 .2633E+00 .9214E+00
.5590E+03 .1734E+01 .1037E+01 .2573E+00 .9040E+00
.5600E+03 .1757E+01 .1052E+01 .2596E+00 .9156E+00
.5610E+03 .1782E+01 .1068E+01 .2621E+00 .9280E+00
.5620E+03 .1772E+01 .1062E+01 .2592E+00 .9216E+00
.5630E+03 .1825E+01 .1093E+01 .2654E+00 .9473E+00
.5640E+03 .1778E+01 .1065E+01 .2573E+00 .9218E+00
.5650E+03 .1766E+01 .1058E+01 .2542E+00 .9141E+00
.5660E+03 .1742E+01 .1044E+01 .2495E+00 .9010E+00
.5670E+03 .1779E+01 .1066E+01 .2534E+00 .9186E+00
.5680E+03 .1773E+01 .1061E+01 .2507E+00 .9124E+00
.5690E+03 .1752E+01 .1043E+01 .2450E+00 .8954E+00
.5700E+03 .1748E+01 .1042E+01 .2438E+00 .8939E+00
.5710E+03 .1732E+01 .1035E+01 .2410E+00 .8868E+00
.5720E+03 .1787E+01 .1065E+01 .2466E+00 .9111E+00
.5730E+03 .1808E+01 .1079E+01 .2485E+00 .9214E+00
.5740E+03 .1805E+01 .1077E+01 .2471E+00 .9190E+00
.5750E+03 .1776E+01 .1059E+01 .2419E+00 .9028E+00
.5760E+03 .1760E+01 .1051E+01 .2390E+00 .8945E+00
.5770E+03 .1777E+01 .1063E+01 .2408E+00 .9039E+00
.5780E+03 .1745E+01 .1047E+01 .2362E+00 .8894E+00
.5790E+03 .1743E+01 .1050E+01 .2361E+00 .8912E+00
.5800E+03 .1763E+01 .1068E+01 .2391E+00 .9051E+00
.5810E+03 .1762E+01 .1071E+01 .2392E+00 .9075E+00
.5820E+03 .1786E+01 .1091E+01 .2427E+00 .9233E+00
.5830E+03 .1783E+01 .1094E+01 .2424E+00 .9246E+00
.5840E+03 .1794E+01 .1103E+01 .2436E+00 .9319E+00
.5850E+03 .1747E+01 .1077E+01 .2368E+00 .9085E+00
.5860E+03 .1711E+01 .1055E+01 .2311E+00 .8894E+00
.5870E+03 .1755E+01 .1080E+01 .2356E+00 .9094E+00
.5880E+03 .1738E+01 .1062E+01 .2305E+00 .8928E+00
.5890E+03 .1596E+01 .9556E+00 .2063E+00 .8024E+00
.5900E+03 .1664E+01 .9993E+00 .2149E+00 .8382E+00
.5910E+03 .1728E+01 .1049E+01 .2249E+00 .8795E+00
.5920E+03 .1726E+01 .1044E+01 .2226E+00 .8736E+00
.5930E+03 .1730E+01 .1053E+01 .2237E+00 .8806E+00
.5940E+03 .1727E+01 .1050E+01 .2221E+00 .8773E+00
.5950E+03 .1699E+01 .1030E+01 .2168E+00 .8594E+00
.5960E+03 .1725E+01 .1059E+01 .2222E+00 .8830E+00
.5970E+03 .1713E+01 .1051E+01 .2195E+00 .8751E+00
.5980E+03 .1698E+01 .1047E+01 .2178E+00 .8709E+00
.5990E+03 .1693E+01 .1048E+01 .2171E+00 .8708E+00
.6000E+03 .1684E+01 .1047E+01 .2162E+00 .8695E+00
.6010E+03 .1663E+01 .1037E+01 .2132E+00 .8601E+00
.6020E+03 .1650E+01 .1030E+01 .2109E+00 .8532E+00
.6030E+03 .1674E+01 .1046E+01 .2134E+00 .8660E+00
.6040E+03 .1701E+01 .1063E+01 .2161E+00 .8794E+00
.6050E+03 .1690E+01 .1059E+01 .2144E+00 .8748E+00
.6060E+03 .1679E+01 .1056E+01 .2132E+00 .8722E+00
.6070E+03 .1692E+01 .1069E+01 .2151E+00 .8818E+00
.6080E+03 .1670E+01 .1059E+01 .2123E+00 .8726E+00
.6090E+03 .1670E+01 .1061E+01 .2123E+00 .8744E+00
.6100E+03 .1654E+01 .1054E+01 .2101E+00 .8674E+00
.6110E+03 .1661E+01 .1060E+01 .2109E+00 .8725E+00
.6120E+03 .1654E+01 .1058E+01 .2098E+00 .8696E+00
.6130E+03 .1632E+01 .1045E+01 .2066E+00 .8585E+00
.6140E+03 .1607E+01 .1031E+01 .2034E+00 .8467E+00
.6150E+03 .1639E+01 .1055E+01 .2074E+00 .8654E+00
.6160E+03 .1582E+01 .1021E+01 .2002E+00 .8370E+00
.6170E+03 .1578E+01 .1020E+01 .1993E+00 .8353E+00
.6180E+03 .1637E+01 .1059E+01 .2064E+00 .8672E+00
.6190E+03 .1619E+01 .1049E+01 .2039E+00 .8584E+00
.6200E+03 .1630E+01 .1056E+01 .2045E+00 .8633E+00
.6210E+03 .1635E+01 .1057E+01 .2039E+00 .8630E+00
.6220E+03 .1619E+01 .1037E+01 .1993E+00 .8460E+00
.6230E+03 .1598E+01 .1014E+01 .1941E+00 .8268E+00
.6240E+03 .1568E+01 .1002E+01 .1912E+00 .8162E+00
.6250E+03 .1564E+01 .1008E+01 .1920E+00 .8207E+00
.6260E+03 .1588E+01 .1026E+01 .1949E+00 .8351E+00
.6270E+03 .1614E+01 .1042E+01 .1973E+00 .8474E+00
.6280E+03 .1612E+01 .9983E+00 .1877E+00 .8105E+00
.6290E+03 .1612E+01 .1029E+01 .1934E+00 .8354E+00
.6300E+03 .1578E+01 .1008E+01 .1888E+00 .8173E+00
.6310E+03 .1579E+01 .1026E+01 .1919E+00 .8317E+00
.6320E+03 .1555E+01 .1016E+01 .1896E+00 .8233E+00
.6330E+03 .1588E+01 .1047E+01 .1949E+00 .8478E+00
.6340E+03 .1562E+01 .1035E+01 .1923E+00 .8381E+00
.6350E+03 .1581E+01 .1051E+01 .1947E+00 .8506E+00
.6360E+03 .1554E+01 .1036E+01 .1913E+00 .8376E+00
.6370E+03 .1576E+01 .1052E+01 .1938E+00 .8502E+00
.6380E+03 .1583E+01 .1061E+01 .1949E+00 .8568E+00
.6390E+03 .1562E+01 .1050E+01 .1923E+00 .8474E+00
.6400E+03 .1543E+01 .1041E+01 .1901E+00 .8393E+00
.6410E+03 .1539E+01 .1041E+01 .1896E+00 .8389E+00
.6420E+03 .1528E+01 .1036E+01 .1882E+00 .8346E+00
.6430E+03 .1548E+01 .1051E+01 .1904E+00 .8461E+00
.6440E+03 .1540E+01 .1048E+01 .1892E+00 .8429E+00
.6450E+03 .1545E+01 .1052E+01 .1894E+00 .8455E+00
.6460E+03 .1521E+01 .1033E+01 .1854E+00 .8298E+00
.6470E+03 .1529E+01 .1031E+01 .1843E+00 .8272E+00
.6480E+03 .1543E+01 .1036E+01 .1846E+00 .8308E+00
.6490E+03 .1513E+01 .1016E+01 .1806E+00 .8146E+00
.6500E+03 .1483E+01 .1011E+01 .1793E+00 .8099E+00
.6510E+03 .1538E+01 .1053E+01 .1863E+00 .8433E+00
.6520E+03 .1520E+01 .1025E+01 .1807E+00 .8202E+00
.6530E+03 .1518E+01 .1041E+01 .1832E+00 .8327E+00
.6540E+03 .1496E+01 .1029E+01 .1805E+00 .8223E+00
.6550E+03 .1463E+01 .9980E+00 .1744E+00 .7970E+00
.6560E+03 .1281E+01 .8803E+00 .1535E+00 .7026E+00
.6570E+03 .1315E+01 .9041E+00 .1571E+00 .7211E+00
.6580E+03 .1463E+01 .1009E+01 .1750E+00 .8047E+00
.6590E+03 .1467E+01 .1013E+01 .1750E+00 .8067E+00
.6600E+03 .1471E+01 .1011E+01 .1741E+00 .8047E+00
.6610E+03 .1481E+01 .1006E+01 .1727E+00 .8005E+00
.6620E+03 .1490E+01 .1001E+01 .1711E+00 .7955E+00
.6630E+03 .1458E+01 .9869E+00 .1683E+00 .7840E+00
.6640E+03 .1466E+01 .1007E+01 .1715E+00 .7998E+00
.6650E+03 .1460E+01 .1013E+01 .1721E+00 .8040E+00
.6660E+03 .1458E+01 .1019E+01 .1728E+00 .8085E+00
.6670E+03 .1453E+01 .1022E+01 .1729E+00 .8102E+00
.6680E+03 .1451E+01 .1024E+01 .1729E+00 .8114E+00
.6690E+03 .1471E+01 .1041E+01 .1753E+00 .8245E+00
.6700E+03 .1463E+01 .1037E+01 .1743E+00 .8213E+00
.6710E+03 .1461E+01 .1038E+01 .1739E+00 .8212E+00
.6720E+03 .1448E+01 .1029E+01 .1721E+00 .8143E+00
.6730E+03 .1468E+01 .1046E+01 .1744E+00 .8266E+00
.6740E+03 .1461E+01 .1042E+01 .1734E+00 .8237E+00
.6750E+03 .1447E+01 .1033E+01 .1715E+00 .8162E+00
.6760E+03 .1455E+01 .1041E+01 .1723E+00 .8217E+00
.6770E+03 .1440E+01 .1031E+01 .1703E+00 .8134E+00
.6780E+03 .1443E+01 .1034E+01 .1703E+00 .8154E+00
.6790E+03 .1419E+01 .1018E+01 .1673E+00 .8022E+00
.6800E+03 .1429E+01 .1027E+01 .1684E+00 .8089E+00
.6810E+03 .1419E+01 .1021E+01 .1670E+00 .8041E+00
.6820E+03 .1418E+01 .1021E+01 .1666E+00 .8036E+00
.6830E+03 .1415E+01 .1020E+01 .1661E+00 .8024E+00
.6840E+03 .1408E+01 .1016E+01 .1651E+00 .7988E+00
.6850E+03 .1419E+01 .1025E+01 .1662E+00 .8058E+00
.6860E+03 .1412E+01 .1020E+01 .1651E+00 .8017E+00
.6870E+03 .1429E+01 .7855E+00 .1237E+00 .6137E+00
.6880E+03 .1413E+01 .8681E+00 .1378E+00 .6793E+00
.6890E+03 .1410E+01 .8702E+00 .1379E+00 .6807E+00
.6900E+03 .1400E+01 .8964E+00 .1423E+00 .7015E+00
.6910E+03 .1389E+01 .9255E+00 .1473E+00 .7246E+00
.6920E+03 .1377E+01 .9470E+00 .1510E+00 .7418E+00
.6930E+03 .1379E+01 .9472E+00 .1509E+00 .7418E+00
.6940E+03 .1383E+01 .9473E+00 .1509E+00 .7418E+00
.6950E+03 .1383E+01 .9708E+00 .1549E+00 .7605E+00
.6960E+03 .1394E+01 .9746E+00 .1555E+00 .7634E+00
.6970E+03 .1388E+01 .1007E+01 .1611E+00 .7893E+00
.6980E+03 .1369E+01 .9929E+00 .1587E+00 .7781E+00
.6990E+03 .1387E+01 .9874E+00 .1576E+00 .7735E+00
.7000E+03 .1370E+01 .9759E+00 .1558E+00 .7646E+00
.7010E+03 .1367E+01 .9711E+00 .1550E+00 .7608E+00
.7020E+03 .1359E+01 .9731E+00 .1555E+00 .7625E+00
.7030E+03 .1365E+01 .9753E+00 .1559E+00 .7643E+00
.7040E+03 .1379E+01 .9969E+00 .1595E+00 .7814E+00
.7050E+03 .1381E+01 .1000E+01 .1602E+00 .7843E+00
.7060E+03 .1367E+01 .9959E+00 .1596E+00 .7808E+00
.7070E+03 .1364E+01 .9964E+00 .1598E+00 .7814E+00
.7080E+03 .1367E+01 .9992E+00 .1604E+00 .7837E+00
.7090E+03 .1354E+01 .9956E+00 .1600E+00 .7811E+00
.7100E+03 .1360E+01 .9990E+00 .1606E+00 .7838E+00
.7110E+03 .1354E+01 .9962E+00 .1603E+00 .7817E+00
.7120E+03 .1343E+01 .9914E+00 .1597E+00 .7782E+00
.7130E+03 .1335E+01 .9843E+00 .1587E+00 .7727E+00
.7140E+03 .1340E+01 .9884E+00 .1595E+00 .7761E+00
.7150E+03 .1315E+01 .9641E+00 .1556E+00 .7570E+00
.7160E+03 .1322E+01 .9680E+00 .1564E+00 .7602E+00
.7170E+03 .1340E+01 .8985E+00 .1438E+00 .7043E+00
.7180E+03 .1319E+01 .8519E+00 .1361E+00 .6675E+00
.7190E+03 .1294E+01 .7938E+00 .1265E+00 .6217E+00
.7200E+03 .1320E+01 .8302E+00 .1326E+00 .6505E+00
.7210E+03 .1305E+01 .8726E+00 .1405E+00 .6848E+00
.7220E+03 .1304E+01 .9479E+00 .1540E+00 .7453E+00
.7230E+03 .1316E+01 .9108E+00 .1474E+00 .7155E+00
.7240E+03 .1305E+01 .8524E+00 .1372E+00 .6690E+00
.7250E+03 .1296E+01 .8478E+00 .1365E+00 .6654E+00
.7260E+03 .1298E+01 .8733E+00 .1410E+00 .6858E+00
.7270E+03 .1307E+01 .8788E+00 .1422E+00 .6904E+00
.7280E+03 .1284E+01 .8460E+00 .1365E+00 .6642E+00
.7290E+03 .1258E+01 .8534E+00 .1382E+00 .6706E+00
.7300E+03 .1289E+01 .8964E+00 .1456E+00 .7047E+00
.7310E+03 .1279E+01 .8665E+00 .1403E+00 .6808E+00
.7320E+03 .1282E+01 .9041E+00 .1472E+00 .7112E+00
.7330E+03 .1278E+01 .9336E+00 .1528E+00 .7352E+00
.7340E+03 .1291E+01 .9504E+00 .1557E+00 .7485E+00
.7350E+03 .1273E+01 .9340E+00 .1529E+00 .7355E+00
.7360E+03 .1267E+01 .9332E+00 .1527E+00 .7349E+00
.7370E+03 .1277E+01 .9382E+00 .1534E+00 .7387E+00
.7380E+03 .1256E+01 .9403E+00 .1542E+00 .7408E+00
.7390E+03 .1234E+01 .9235E+00 .1513E+00 .7274E+00
.7400E+03 .1253E+01 .9431E+00 .1546E+00 .7429E+00
.7410E+03 .1232E+01 .9312E+00 .1525E+00 .7334E+00
.7420E+03 .1227E+01 .9301E+00 .1523E+00 .7325E+00
.7430E+03 .1256E+01 .9534E+00 .1559E+00 .7507E+00
.7440E+03 .1248E+01 .9495E+00 .1551E+00 .7475E+00
.7450E+03 .1245E+01 .9488E+00 .1548E+00 .7467E+00
.7460E+03 .1251E+01 .9537E+00 .1554E+00 .7504E+00
.7470E+03 .1253E+01 .9560E+00 .1555E+00 .7519E+00
.7480E+03 .1250E+01 .9545E+00 .1551E+00 .7505E+00
.7490E+03 .1235E+01 .9440E+00 .1531E+00 .7420E+00
.7500E+03 .1234E+01 .9440E+00 .1529E+00 .7417E+00
.7510E+03 .1222E+01 .9349E+00 .1512E+00 .7344E+00
.7520E+03 .1227E+01 .9394E+00 .1517E+00 .7377E+00
.7530E+03 .1232E+01 .9446E+00 .1523E+00 .7416E+00
.7540E+03 .1235E+01 .9474E+00 .1525E+00 .7435E+00
.7550E+03 .1228E+01 .9427E+00 .1515E+00 .7395E+00
.7560E+03 .1228E+01 .9427E+00 .1512E+00 .7392E+00
.7570E+03 .1229E+01 .9446E+00 .1512E+00 .7405E+00
.7580E+03 .1215E+01 .9337E+00 .1491E+00 .7315E+00
.7590E+03 .1211E+01 .9214E+00 .1466E+00 .7214E+00
.7600E+03 .1211E+01 .2842E+00 .3788E-01 .2152E+00
.7610E+03 .1207E+01 .1858E+00 .2340E-01 .1393E+00
.7620E+03 .1186E+01 .5912E+00 .8728E-01 .4561E+00
.7630E+03 .1208E+01 .3762E+00 .5173E-01 .2864E+00
.7640E+03 .1201E+01 .4923E+00 .7024E-01 .3773E+00
.7650E+03 .1189E+01 .5922E+00 .8681E-01 .4563E+00
.7660E+03 .1140E+01 .6679E+00 .1002E+00 .5168E+00
.7670E+03 .1179E+01 .7872E+00 .1203E+00 .6113E+00
.7680E+03 .1184E+01 .8663E+00 .1340E+00 .6745E+00
.7690E+03 .1172E+01 .8756E+00 .1356E+00 .6818E+00
.7700E+03 .1172E+01 .8954E+00 .1389E+00 .6974E+00
.7710E+03 .1164E+01 .8985E+00 .1393E+00 .6998E+00
.7720E+03 .1162E+01 .8994E+00 .1391E+00 .7002E+00
.7730E+03 .1168E+01 .9057E+00 .1398E+00 .7048E+00
.7740E+03 .1162E+01 .9015E+00 .1388E+00 .7011E+00
.7750E+03 .1152E+01 .8948E+00 .1374E+00 .6956E+00
.7760E+03 .1165E+01 .9059E+00 .1388E+00 .7039E+00
.7770E+03 .1150E+01 .8944E+00 .1367E+00 .6946E+00
.7780E+03 .1143E+01 .8894E+00 .1356E+00 .6904E+00
.7790E+03 .1144E+01 .8906E+00 .1354E+00 .6910E+00
.7800E+03 .1137E+01 .8859E+00 .1344E+00 .6871E+00
.7810E+03 .1138E+01 .8872E+00 .1343E+00 .6878E+00
.7820E+03 .1145E+01 .8931E+00 .1349E+00 .6921E+00
.7830E+03 .1125E+01 .8779E+00 .1323E+00 .6800E+00
.7840E+03 .1130E+01 .8825E+00 .1327E+00 .6832E+00
.7850E+03 .1123E+01 .8771E+00 .1316E+00 .6788E+00
.7860E+03 .1136E+01 .8878E+00 .1329E+00 .6867E+00
.7870E+03 .1132E+01 .8787E+00 .1311E+00 .6793E+00
.7880E+03 .1126E+01 .8713E+00 .1297E+00 .6732E+00
.7890E+03 .1132E+01 .8735E+00 .1296E+00 .6745E+00
.7900E+03 .1130E+01 .8598E+00 .1270E+00 .6634E+00
.7910E+03 .1114E+01 .8588E+00 .1268E+00 .6626E+00
.7920E+03 .1103E+01 .8517E+00 .1255E+00 .6568E+00
.7930E+03 .1089E+01 .8394E+00 .1234E+00 .6470E+00
.7940E+03 .1076E+01 .8436E+00 .1240E+00 .6503E+00
.7950E+03 .1101E+01 .8608E+00 .1262E+00 .6632E+00
.7960E+03 .1105E+01 .8475E+00 .1236E+00 .6523E+00
.7970E+03 .1104E+01 .8491E+00 .1235E+00 .6533E+00
.7980E+03 .1103E+01 .8625E+00 .1255E+00 .6636E+00
.7990E+03 .1104E+01 .8600E+00 .1248E+00 .6613E+00
.8000E+03 .1095E+01 .8488E+00 .1228E+00 .6523E+00
.8010E+03 .1098E+01 .8487E+00 .1225E+00 .6519E+00
.8020E+03 .1093E+01 .8463E+00 .1219E+00 .6498E+00
.8030E+03 .1088E+01 .8418E+00 .1209E+00 .6460E+00
.8040E+03 .1086E+01 .8419E+00 .1207E+00 .6459E+00
.8050E+03 .1072E+01 .8361E+00 .1196E+00 .6412E+00
.8060E+03 .1087E+01 .8545E+00 .1221E+00 .6552E+00
.8070E+03 .1078E+01 .8459E+00 .1206E+00 .6483E+00
.8080E+03 .1076E+01 .8461E+00 .1203E+00 .6481E+00
.8090E+03 .1068E+01 .8348E+00 .1183E+00 .6391E+00
.8100E+03 .1070E+01 .8331E+00 .1177E+00 .6374E+00
.8110E+03 .1081E+01 .8384E+00 .1180E+00 .6410E+00
.8120E+03 .1082E+01 .8237E+00 .1154E+00 .6292E+00
.8130E+03 .1084E+01 .8139E+00 .1135E+00 .6212E+00
.8140E+03 .1077E+01 .7505E+00 .1033E+00 .5714E+00
.8150E+03 .1071E+01 .7477E+00 .1027E+00 .5691E+00
.8160E+03 .1069E+01 .7136E+00 .9739E-01 .5425E+00
.8170E+03 .1066E+01 .7198E+00 .9814E-01 .5472E+00
.8180E+03 .1044E+01 .7004E+00 .9515E-01 .5321E+00
.8190E+03 .1038E+01 .7480E+00 .1023E+00 .5689E+00
.8200E+03 .1032E+01 .7185E+00 .9766E-01 .5459E+00
.8210E+03 .1031E+01 .7923E+00 .1088E+00 .6031E+00
.8220E+03 .1033E+01 .7794E+00 .1066E+00 .5928E+00
.8230E+03 .1043E+01 .6128E+00 .8097E-01 .4633E+00
.8240E+03 .1040E+01 .7721E+00 .1049E+00 .5865E+00
.8250E+03 .1037E+01 .7850E+00 .1068E+00 .5965E+00
.8260E+03 .1045E+01 .7693E+00 .1040E+00 .5839E+00
.8270E+03 .1043E+01 .7964E+00 .1080E+00 .6048E+00
.8280E+03 .1037E+01 .7187E+00 .9599E-01 .5443E+00
.8290E+03 .1031E+01 .7638E+00 .1027E+00 .5792E+00
.8300E+03 .1028E+01 .7587E+00 .1017E+00 .5750E+00
.8310E+03 .1022E+01 .7593E+00 .1017E+00 .5753E+00
.8320E+03 .1025E+01 .7456E+00 .9936E-01 .5645E+00
.8330E+03 .9929E+00 .7653E+00 .1025E+00 .5799E+00
.8340E+03 .9977E+00 .7503E+00 .9987E-01 .5679E+00
.8350E+03 .1013E+01 .7991E+00 .1069E+00 .6054E+00
.8360E+03 .1018E+01 .7799E+00 .1036E+00 .5901E+00
.8370E+03 .1013E+01 .8009E+00 .1067E+00 .6063E+00
.8380E+03 .9977E+00 .7826E+00 .1039E+00 .5921E+00
.8390E+03 .9948E+00 .7883E+00 .1046E+00 .5963E+00
.8400E+03 .1011E+01 .8041E+00 .1065E+00 .6081E+00
.8410E+03 .1005E+01 .7960E+00 .1051E+00 .6016E+00
.8420E+03 .9967E+00 .7936E+00 .1046E+00 .5997E+00
.8430E+03 .9851E+00 .7891E+00 .1039E+00 .5962E+00
.8440E+03 .9783E+00 .7812E+00 .1026E+00 .5899E+00
.8450E+03 .1002E+01 .8041E+00 .1054E+00 .6071E+00
.8460E+03 .9958E+00 .8003E+00 .1047E+00 .6039E+00
.8470E+03 .9735E+00 .7842E+00 .1024E+00 .5916E+00
.8480E+03 .9725E+00 .7816E+00 .1018E+00 .5894E+00
.8490E+03 .9453E+00 .7597E+00 .9870E-01 .5726E+00
.8500E+03 .9046E+00 .7278E+00 .9434E-01 .5484E+00
.8510E+03 .9637E+00 .7729E+00 .9989E-01 .5820E+00
.8520E+03 .9545E+00 .7670E+00 .9892E-01 .5774E+00
.8530E+03 .9140E+00 .7367E+00 .9484E-01 .5544E+00
.8540E+03 .7930E+00 .6379E+00 .8191E-01 .4798E+00
.8550E+03 .8658E+00 .6989E+00 .8961E-01 .5256E+00
.8560E+03 .9485E+00 .7651E+00 .9788E-01 .5752E+00
.8570E+03 .9661E+00 .7810E+00 .9974E-01 .5869E+00
.8580E+03 .9604E+00 .7762E+00 .9890E-01 .5831E+00
.8590E+03 .9593E+00 .7764E+00 .9875E-01 .5831E+00
.8600E+03 .9595E+00 .7774E+00 .9870E-01 .5837E+00
.8610E+03 .9548E+00 .7737E+00 .9803E-01 .5807E+00
.8620E+03 .9690E+00 .7859E+00 .9937E-01 .5896E+00
.8630E+03 .9919E+00 .8048E+00 .1016E+00 .6036E+00
.8640E+03 .9421E+00 .7648E+00 .9631E-01 .5734E+00
.8650E+03 .9334E+00 .7582E+00 .9530E-01 .5683E+00
.8660E+03 .8393E+00 .6820E+00 .8554E-01 .5110E+00
.8670E+03 .8757E+00 .7120E+00 .8912E-01 .5333E+00
.8680E+03 .9528E+00 .7750E+00 .9680E-01 .5803E+00
.8690E+03 .9328E+00 .7592E+00 .9463E-01 .5682E+00
.8700E+03 .9593E+00 .7811E+00 .9715E-01 .5844E+00
.8710E+03 .9463E+00 .7707E+00 .9567E-01 .5765E+00
.8720E+03 .9427E+00 .7682E+00 .9516E-01 .5744E+00
.8730E+03 .9408E+00 .7669E+00 .9480E-01 .5732E+00
.8740E+03 .9295E+00 .7581E+00 .9350E-01 .5664E+00
.8750E+03 .9109E+00 .7431E+00 .9146E-01 .5550E+00
.8760E+03 .9207E+00 .7512E+00 .9226E-01 .5609E+00
.8770E+03 .9296E+00 .7589E+00 .9301E-01 .5664E+00
.8780E+03 .9407E+00 .7678E+00 .9389E-01 .5729E+00
.8790E+03 .9260E+00 .7562E+00 .9227E-01 .5640E+00
.8800E+03 .9060E+00 .7401E+00 .9012E-01 .5518E+00
.8810E+03 .8950E+00 .7304E+00 .8871E-01 .5443E+00
.8820E+03 .9149E+00 .7466E+00 .9049E-01 .5562E+00
.8830E+03 .9161E+00 .7485E+00 .9054E-01 .5575E+00
.8840E+03 .9124E+00 .7455E+00 .8997E-01 .5550E+00
.8850E+03 .9192E+00 .7514E+00 .9047E-01 .5592E+00
.8860E+03 .8848E+00 .7197E+00 .8640E-01 .5354E+00
.8870E+03 .8880E+00 .7252E+00 .8692E-01 .5393E+00
.8880E+03 .9072E+00 .7384E+00 .8827E-01 .5489E+00
.8890E+03 .9075E+00 .7433E+00 .8874E-01 .5524E+00
.8900E+03 .9102E+00 .7412E+00 .8822E-01 .5506E+00
.8910E+03 .9033E+00 .7386E+00 .8777E-01 .5485E+00
.8920E+03 .8888E+00 .7216E+00 .8547E-01 .5356E+00
.8930E+03 .8835E+00 .7060E+00 .8325E-01 .5237E+00
.8940E+03 .8856E+00 .6920E+00 .8113E-01 .5128E+00
.8950E+03 .8821E+00 .6696E+00 .7797E-01 .4957E+00
.8960E+03 .8951E+00 .6502E+00 .7521E-01 .4808E+00
.8970E+03 .8816E+00 .5882E+00 .6717E-01 .4341E+00
.8980E+03 .8853E+00 .6217E+00 .7128E-01 .4591E+00
.8990E+03 .8827E+00 .5119E+00 .5725E-01 .3766E+00
.9000E+03 .8625E+00 .6223E+00 .7133E-01 .4595E+00
.9010E+03 .8329E+00 .5308E+00 .5972E-01 .3909E+00
.9020E+03 .8414E+00 .5814E+00 .6603E-01 .4287E+00
.9030E+03 .8734E+00 .5962E+00 .6741E-01 .4394E+00
.9040E+03 .8821E+00 .6942E+00 .7977E-01 .5128E+00
.9050E+03 .8796E+00 .6777E+00 .7750E-01 .5003E+00
.9060E+03 .8593E+00 .6431E+00 .7313E-01 .4743E+00
.9070E+03 .8662E+00 .5654E+00 .6309E-01 .4158E+00
.9080E+03 .8510E+00 .5709E+00 .6377E-01 .4199E+00
.9090E+03 .8337E+00 .5960E+00 .6695E-01 .4387E+00
.9100E+03 .8501E+00 .5590E+00 .6188E-01 .4106E+00
.9110E+03 .8457E+00 .5750E+00 .6383E-01 .4225E+00
.9120E+03 .8468E+00 .5955E+00 .6633E-01 .4378E+00
.9130E+03 .8655E+00 .5675E+00 .6240E-01 .4164E+00
.9140E+03 .8552E+00 .5623E+00 .6185E-01 .4126E+00
.9150E+03 .8481E+00 .5941E+00 .6556E-01 .4362E+00
.9160E+03 .8518E+00 .5277E+00 .5744E-01 .3867E+00
.9170E+03 .8398E+00 .6163E+00 .6819E-01 .4527E+00
.9180E+03 .8438E+00 .5393E+00 .5861E-01 .3950E+00
.9190E+03 .8467E+00 .6240E+00 .6884E-01 .4581E+00
.9200E+03 .8364E+00 .6224E+00 .6874E-01 .4570E+00
.9210E+03 .8154E+00 .6335E+00 .7010E-01 .4653E+00
.9220E+03 .8123E+00 .5907E+00 .6462E-01 .4331E+00
.9230E+03 .7900E+00 .6130E+00 .6753E-01 .4499E+00
.9240E+03 .8150E+00 .6029E+00 .6578E-01 .4419E+00
.9250E+03 .8148E+00 .5945E+00 .6462E-01 .4355E+00
.9260E+03 .8045E+00 .5970E+00 .6487E-01 .4373E+00
.9270E+03 .8301E+00 .6470E+00 .7065E-01 .4743E+00
.9280E+03 .8314E+00 .5386E+00 .5715E-01 .3931E+00
.9290E+03 .8204E+00 .5037E+00 .5292E-01 .3672E+00
.9300E+03 .8246E+00 .4474E+00 .4624E-01 .3253E+00
.9310E+03 .8246E+00 .4131E+00 .4238E-01 .3001E+00
.9320E+03 .8203E+00 .3349E+00 .3353E-01 .2424E+00
.9330E+03 .8234E+00 .2975E+00 .2931E-01 .2149E+00
.9340E+03 .8213E+00 .2190E+00 .2079E-01 .1574E+00
.9350E+03 .8116E+00 .2959E+00 .2922E-01 .2138E+00
.9360E+03 .8077E+00 .2166E+00 .2071E-01 .1558E+00
.9370E+03 .8134E+00 .2301E+00 .2197E-01 .1655E+00
.9380E+03 .8127E+00 .2660E+00 .2567E-01 .1916E+00
.9390E+03 .8069E+00 .4089E+00 .4129E-01 .2963E+00
.9400E+03 .7974E+00 .4623E+00 .4722E-01 .3356E+00
.9410E+03 .7684E+00 .3840E+00 .3843E-01 .2780E+00
.9420E+03 .7844E+00 .4211E+00 .4247E-01 .3052E+00
.9430E+03 .7940E+00 .3195E+00 .3129E-01 .2306E+00
.9440E+03 .7833E+00 .3145E+00 .3086E-01 .2271E+00
.9450E+03 .7912E+00 .3912E+00 .3877E-01 .2828E+00
.9460E+03 .7940E+00 .2467E+00 .2337E-01 .1773E+00
.9470E+03 .7957E+00 .3983E+00 .3927E-01 .2877E+00
.9480E+03 .7964E+00 .3131E+00 .3022E-01 .2255E+00
.9490E+03 .7957E+00 .5018E+00 .5055E-01 .3636E+00
.9500E+03 .7901E+00 .2164E+00 .1998E-01 .1550E+00
.9510E+03 .7859E+00 .4867E+00 .4876E-01 .3524E+00
.9520E+03 .7865E+00 .3194E+00 .3055E-01 .2298E+00
.9530E+03 .7794E+00 .3694E+00 .3579E-01 .2663E+00
.9540E+03 .7555E+00 .4127E+00 .4057E-01 .2980E+00
.9550E+03 .7427E+00 .3780E+00 .3677E-01 .2725E+00
.9560E+03 .7741E+00 .3491E+00 .3350E-01 .2513E+00
.9570E+03 .7681E+00 .3197E+00 .3026E-01 .2297E+00
.9580E+03 .7764E+00 .4366E+00 .4285E-01 .3152E+00
.9590E+03 .7772E+00 .3902E+00 .3762E-01 .2810E+00
.9600E+03 .7663E+00 .4246E+00 .4116E-01 .3060E+00
.9610E+03 .7700E+00 .4499E+00 .4388E-01 .3245E+00
.9620E+03 .7634E+00 .4352E+00 .4225E-01 .3137E+00
.9630E+03 .7596E+00 .4760E+00 .4664E-01 .3436E+00
.9640E+03 .7593E+00 .4450E+00 .4321E-01 .3208E+00
.9650E+03 .7563E+00 .4676E+00 .4561E-01 .3373E+00
.9660E+03 .7502E+00 .4742E+00 .4625E-01 .3420E+00
.9670E+03 .7567E+00 .4781E+00 .4655E-01 .3448E+00
.9680E+03 .7556E+00 .5625E+00 .5585E-01 .4067E+00
.9690E+03 .7551E+00 .5830E+00 .5791E-01 .4216E+00
.9700E+03 .7543E+00 .5534E+00 .5457E-01 .3998E+00
.9710E+03 .7520E+00 .6010E+00 .5981E-01 .4347E+00
.9720E+03 .7538E+00 .5821E+00 .5759E-01 .4207E+00
.9730E+03 .7458E+00 .5375E+00 .5256E-01 .3879E+00
.9740E+03 .7367E+00 .5141E+00 .4994E-01 .3707E+00
.9750E+03 .7456E+00 .5258E+00 .5115E-01 .3791E+00
.9760E+03 .7414E+00 .5142E+00 .4975E-01 .3705E+00
.9770E+03 .7398E+00 .5535E+00 .5401E-01 .3993E+00
.9780E+03 .7387E+00 .5371E+00 .5209E-01 .3872E+00
.9790E+03 .7325E+00 .5537E+00 .5385E-01 .3992E+00
.9800E+03 .7363E+00 .5302E+00 .5120E-01 .3819E+00
.9810E+03 .7403E+00 .5948E+00 .5807E-01 .4291E+00
.9820E+03 .7378E+00 .5775E+00 .5607E-01 .4163E+00
.9830E+03 .7324E+00 .5602E+00 .5413E-01 .4036E+00
.9840E+03 .7315E+00 .6018E+00 .5865E-01 .4341E+00
.9850E+03 .7320E+00 .5742E+00 .5546E-01 .4137E+00
.9860E+03 .7266E+00 .6075E+00 .5914E-01 .4381E+00
.9870E+03 .7252E+00 .6008E+00 .5829E-01 .4331E+00
.9880E+03 .7261E+00 .6002E+00 .5810E-01 .4325E+00
.9890E+03 .7147E+00 .6021E+00 .5836E-01 .4340E+00
.9900E+03 .7177E+00 .5959E+00 .5751E-01 .4293E+00
.9910E+03 .7190E+00 .6048E+00 .5837E-01 .4357E+00
.9920E+03 .7212E+00 .6077E+00 .5857E-01 .4377E+00
.9930E+03 .7192E+00 .6001E+00 .5764E-01 .4320E+00
.9940E+03 .7192E+00 .6071E+00 .5833E-01 .4370E+00
.9950E+03 .7160E+00 .6056E+00 .5810E-01 .4359E+00
.9960E+03 .7155E+00 .6042E+00 .5786E-01 .4348E+00
.9970E+03 .7152E+00 .6047E+00 .5782E-01 .4350E+00
.9980E+03 .7127E+00 .6022E+00 .5748E-01 .4332E+00
.9990E+03 .7094E+00 .6000E+00 .5718E-01 .4315E+00
.1000E+04 .7085E+00 .5975E+00 .5682E-01 .4295E+00
.1001E+04 .7128E+00 .6033E+00 .5731E-01 .4337E+00
.1002E+04 .7097E+00 .5929E+00 .5612E-01 .4260E+00
.1003E+04 .7013E+00 .5934E+00 .5618E-01 .4263E+00
.1004E+04 .6884E+00 .5805E+00 .5484E-01 .4170E+00
.1005E+04 .6573E+00 .5572E+00 .5260E-01 .4002E+00
.1006E+04 .6863E+00 .5803E+00 .5467E-01 .4167E+00
.1007E+04 .6989E+00 .5920E+00 .5569E-01 .4250E+00
.1008E+04 .6984E+00 .5902E+00 .5542E-01 .4236E+00
.1009E+04 .6980E+00 .5884E+00 .5513E-01 .4222E+00
.1010E+04 .6969E+00 .5867E+00 .5487E-01 .4209E+00
.1011E+04 .6949E+00 .5895E+00 .5510E-01 .4228E+00
.1012E+04 .6924E+00 .5857E+00 .5464E-01 .4200E+00
.1013E+04 .6924E+00 .5879E+00 .5479E-01 .4216E+00
.1014E+04 .6875E+00 .5840E+00 .5433E-01 .4186E+00
.1015E+04 .6836E+00 .5805E+00 .5392E-01 .4160E+00
.1016E+04 .6809E+00 .5781E+00 .5361E-01 .4142E+00
.1017E+04 .6831E+00 .5800E+00 .5369E-01 .4155E+00
.1018E+04 .6786E+00 .5771E+00 .5336E-01 .4134E+00
.1019E+04 .6704E+00 .5673E+00 .5232E-01 .4062E+00
.1020E+04 .6760E+00 .5747E+00 .5296E-01 .4115E+00
.1021E+04 .6740E+00 .5737E+00 .5279E-01 .4107E+00
.1022E+04 .6710E+00 .5702E+00 .5237E-01 .4081E+00
.1023E+04 .6787E+00 .5766E+00 .5287E-01 .4126E+00
.1024E+04 .6764E+00 .5718E+00 .5230E-01 .4090E+00
.1025E+04 .6759E+00 .5756E+00 .5263E-01 .4117E+00
.1026E+04 .6745E+00 .5739E+00 .5238E-01 .4104E+00
.1027E+04 .6728E+00 .5726E+00 .5219E-01 .4094E+00
.1028E+04 .6719E+00 .5718E+00 .5202E-01 .4087E+00
.1029E+04 .6645E+00 .5654E+00 .5136E-01 .4040E+00
.1030E+04 .6667E+00 .5684E+00 .5157E-01 .4061E+00
.1031E+04 .6650E+00 .5667E+00 .5133E-01 .4048E+00
.1032E+04 .6623E+00 .5648E+00 .5108E-01 .4034E+00
.1033E+04 .6525E+00 .5565E+00 .5025E-01 .3974E+00
.1034E+04 .6523E+00 .5566E+00 .5018E-01 .3974E+00
.1035E+04 .6544E+00 .5584E+00 .5027E-01 .3986E+00
.1036E+04 .6584E+00 .5617E+00 .5048E-01 .4009E+00
.1037E+04 .6475E+00 .5524E+00 .4956E-01 .3941E+00
.1038E+04 .6506E+00 .5552E+00 .4974E-01 .3961E+00
.1039E+04 .6506E+00 .5551E+00 .4965E-01 .3959E+00
.1040E+04 .6481E+00 .5530E+00 .4939E-01 .3944E+00
.1041E+04 .6512E+00 .5556E+00 .4954E-01 .3961E+00
.1042E+04 .6467E+00 .5519E+00 .4913E-01 .3934E+00
.1043E+04 .6450E+00 .5504E+00 .4892E-01 .3922E+00
.1044E+04 .6476E+00 .5526E+00 .4903E-01 .3937E+00
.1045E+04 .6392E+00 .5453E+00 .4831E-01 .3885E+00
.1046E+04 .6325E+00 .5395E+00 .4772E-01 .3843E+00
.1047E+04 .6386E+00 .5447E+00 .4810E-01 .3879E+00
.1048E+04 .6425E+00 .5480E+00 .4831E-01 .3901E+00
.1049E+04 .6407E+00 .5460E+00 .4805E-01 .3886E+00
.1050E+04 .6383E+00 .5437E+00 .4777E-01 .3869E+00
