Wvlgth Extraterrestrial_spectrm Direct_normal_irradiance Difuse_horizn_irradiance Global_horizn_irradiance
.2800E+03 .7861E-01 .6519E-23 .8850E-18 .8851E-18
.2805E+03 .1025E+00 .2092E-21 .5266E-19 .5281E-19
.2810E+03 .1719E+00 .1200E-20 .1677E-18 .1685E-18
.2815E+03 .2415E+00 .3731E-19 .1928E-17 .1954E-17
.2820E+03 .2922E+00 .3092E-18 .9880E-17 .1009E-16
.2825E+03 .3148E+00 .1215E-17 .2887E-16 .2972E-16
.2830E+03 .3436E+00 .5494E-17 .9629E-16 .1001E-15
.2835E+03 .3229E+00 .1044E-16 .1574E-15 .1646E-15
.2840E+03 .3217E+00 .2595E-15 .2138E-14 .2319E-14
.2845E+03 .2519E+00 .9176E-15 .7354E-14 .7993E-14
.2850E+03 .1187E+00 .2158E-14 .1369E-13 .1519E-13
.2855E+03 .1380E+00 .1657E-13 .8024E-13 .9177E-13
.2860E+03 .3012E+00 .7871E-13 .3388E-12 .3936E-12
.2865E+03 .3588E+00 .4498E-12 .1547E-11 .1860E-11
.2870E+03 .3785E+00 .1521E-11 .4417E-11 .5475E-11
.2875E+03 .3789E+00 .6902E-11 .1622E-10 .2102E-10
.2880E+03 .2509E+00 .3091E-10 .4424E-10 .6577E-10
.2885E+03 .3595E+00 .1239E-09 .1671E-09 .2534E-09
.2890E+03 .4209E+00 .4141E-09 .5282E-09 .8165E-09
.2895E+03 .4920E+00 .1541E-08 .1865E-08 .2937E-08
.2900E+03 .6189E+00 .4967E-08 .5778E-08 .9237E-08
.2905E+03 .6471E+00 .1151E-07 .1297E-07 .2098E-07
.2910E+03 .6109E+00 .2815E-07 .3086E-07 .5046E-07
.2915E+03 .6031E+00 .9260E-07 .9142E-07 .1559E-06
.2920E+03 .5739E+00 .2355E-06 .2331E-06 .3971E-06
.2925E+03 .4974E+00 .3576E-06 .3546E-06 .6036E-06
.2930E+03 .5683E+00 .8298E-06 .8362E-06 .1414E-05
.2935E+03 .5771E+00 .2213E-05 .2339E-05 .3880E-05
.2940E+03 .5049E+00 .3751E-05 .4152E-05 .6764E-05
.2945E+03 .5444E+00 .6645E-05 .6007E-05 .1063E-04
.2950E+03 .5170E+00 .1172E-04 .1147E-04 .1963E-04
.2955E+03 .5832E+00 .2840E-04 .2179E-04 .4157E-04
.2960E+03 .6222E+00 .5154E-04 .3970E-04 .7559E-04
.2965E+03 .4935E+00 .6753E-04 .5247E-04 .9949E-04
.2970E+03 .4249E+00 .8637E-04 .6768E-04 .1278E-03
.2975E+03 .5987E+00 .2117E-03 .1698E-03 .3172E-03
.2980E+03 .5588E+00 .3097E-03 .2543E-03 .4700E-03
.2985E+03 .3795E+00 .2939E-03 .2462E-03 .4508E-03
.2990E+03 .5778E+00 .6107E-03 .5227E-03 .9479E-03
.2995E+03 .5224E+00 .9015E-03 .8115E-03 .1439E-02
.3000E+03 .4174E+00 .9565E-03 .8881E-03 .1554E-02
.3005E+03 .4399E+00 .1296E-02 .1241E-02 .2143E-02
.3010E+03 .4948E+00 .2098E-02 .2131E-02 .3591E-02
.3015E+03 .5305E+00 .3030E-02 .3215E-02 .5324E-02
.3020E+03 .3750E+00 .2480E-02 .2573E-02 .4299E-02
.3025E+03 .5447E+00 .4647E-02 .4666E-02 .7902E-02
.3030E+03 .6780E+00 .7884E-02 .7625E-02 .1311E-01
.3035E+03 .6899E+00 .9592E-02 .9226E-02 .1591E-01
.3040E+03 .5782E+00 .8795E-02 .8403E-02 .1453E-01
.3045E+03 .6493E+00 .1213E-01 .1157E-01 .2002E-01
.3050E+03 .6742E+00 .1642E-01 .1575E-01 .2718E-01
.3055E+03 .6136E+00 .1757E-01 .1689E-01 .2913E-01
.3060E+03 .5432E+00 .1665E-01 .1593E-01 .2753E-01
.3065E+03 .5868E+00 .1991E-01 .1902E-01 .3288E-01
.3070E+03 .6454E+00 .2674E-01 .2579E-01 .4441E-01
.3075E+03 .6527E+00 .3240E-01 .3158E-01 .5414E-01
.3080E+03 .6576E+00 .3394E-01 .3292E-01 .5654E-01
.3085E+03 .6815E+00 .3841E-01 .4224E-01 .6898E-01
.3090E+03 .5630E+00 .3402E-01 .3667E-01 .6036E-01
.3095E+03 .5143E+00 .3740E-01 .3886E-01 .6490E-01
.3100E+03 .4657E+00 .3694E-01 .3765E-01 .6338E-01
.3105E+03 .7158E+00 .5955E-01 .5988E-01 .1013E+00
.3110E+03 .8252E+00 .7361E-01 .7291E-01 .1242E+00
.3115E+03 .7658E+00 .7079E-01 .6934E-01 .1186E+00
.3120E+03 .6429E+00 .6788E-01 .6529E-01 .1126E+00
.3125E+03 .6978E+00 .8042E-01 .7637E-01 .1324E+00
.3130E+03 .7124E+00 .8625E-01 .8108E-01 .1411E+00
.3135E+03 .7266E+00 .8556E-01 .7986E-01 .1394E+00
.3140E+03 .7946E+00 .1031E+00 .9518E-01 .1670E+00
.3145E+03 .5938E+00 .8690E-01 .7959E-01 .1401E+00
.3150E+03 .7550E+00 .1137E+00 .1034E+00 .1826E+00
.3155E+03 .6813E+00 .9828E-01 .8851E-01 .1569E+00
.3160E+03 .5190E+00 .8230E-01 .7370E-01 .1310E+00
.3165E+03 .6641E+00 .1140E+00 .1016E+00 .1810E+00
.3170E+03 .8240E+00 .1422E+00 .1258E+00 .2248E+00
.3175E+03 .8815E+00 .1504E+00 .1318E+00 .2365E+00
.3180E+03 .6354E+00 .1145E+00 .9990E-01 .1796E+00
.3185E+03 .6833E+00 .1352E+00 .1181E+00 .2122E+00
.3190E+03 .7544E+00 .1566E+00 .1366E+00 .2456E+00
.3195E+03 .6842E+00 .1341E+00 .1150E+00 .2084E+00
.3200E+03 .8379E+00 .1637E+00 .1391E+00 .2531E+00
.3205E+03 .9093E+00 .1942E+00 .1656E+00 .3008E+00
.3210E+03 .7165E+00 .1648E+00 .1412E+00 .2560E+00
.3215E+03 .6762E+00 .1579E+00 .1345E+00 .2444E+00
.3220E+03 .8162E+00 .1787E+00 .1489E+00 .2733E+00
.3225E+03 .7026E+00 .1555E+00 .1286E+00 .2369E+00
.3230E+03 .6411E+00 .1497E+00 .1241E+00 .2283E+00
.3235E+03 .6842E+00 .1735E+00 .1507E+00 .2715E+00
.3240E+03 .7827E+00 .2020E+00 .1745E+00 .3152E+00
.3245E+03 .8280E+00 .2094E+00 .1785E+00 .3243E+00
.3250E+03 .7855E+00 .1900E+00 .1530E+00 .2853E+00
.3255E+03 .9429E+00 .2379E+00 .1991E+00 .3647E+00
.3260E+03 .1054E+01 .2809E+00 .2359E+00 .4315E+00
.3265E+03 .9987E+00 .2762E+00 .2323E+00 .4246E+00
.3270E+03 .1011E+01 .2786E+00 .2319E+00 .4259E+00
.3275E+03 .9978E+00 .2729E+00 .2245E+00 .4145E+00
.3280E+03 .9547E+00 .2510E+00 .2028E+00 .3776E+00
.3285E+03 .9149E+00 .2553E+00 .2075E+00 .3853E+00
.3290E+03 .1026E+01 .2982E+00 .2435E+00 .4512E+00
.3295E+03 .1141E+01 .3368E+00 .2741E+00 .5086E+00
.3300E+03 .1164E+01 .3432E+00 .2765E+00 .5155E+00
.3305E+03 .9744E+00 .2816E+00 .2231E+00 .4192E+00
.3310E+03 .1007E+01 .2899E+00 .2273E+00 .4292E+00
.3315E+03 .9834E+00 .2908E+00 .2280E+00 .4305E+00
.3320E+03 .1008E+01 .3080E+00 .2424E+00 .4568E+00
.3325E+03 .9740E+00 .3024E+00 .2376E+00 .4482E+00
.3330E+03 .9809E+00 .3044E+00 .2367E+00 .4487E+00
.3335E+03 .9181E+00 .2812E+00 .2153E+00 .4111E+00
.3340E+03 .9435E+00 .2896E+00 .2199E+00 .4216E+00
.3345E+03 .1042E+01 .3287E+00 .2502E+00 .4791E+00
.3350E+03 .9555E+00 .3063E+00 .2330E+00 .4463E+00
.3355E+03 .1074E+01 .3481E+00 .2794E+00 .5218E+00
.3360E+03 .7410E+00 .2415E+00 .1927E+00 .3608E+00
.3365E+03 .9066E+00 .2941E+00 .2186E+00 .4234E+00
.3370E+03 .7540E+00 .2440E+00 .1794E+00 .3493E+00
.3375E+03 .9410E+00 .3052E+00 .2225E+00 .4350E+00
.3380E+03 .8881E+00 .2940E+00 .2147E+00 .4194E+00
.3385E+03 .9923E+00 .3320E+00 .2526E+00 .4838E+00
.3390E+03 .9827E+00 .3311E+00 .2475E+00 .4781E+00
.3395E+03 .9398E+00 .3182E+00 .2384E+00 .4599E+00
.3400E+03 .1135E+01 .3837E+00 .2729E+00 .5401E+00
.3405E+03 .1018E+01 .3463E+00 .2449E+00 .4860E+00
.3410E+03 .9658E+00 .3325E+00 .2427E+00 .4742E+00
.3415E+03 .8897E+00 .3086E+00 .2197E+00 .4346E+00
.3420E+03 .1062E+01 .3704E+00 .2609E+00 .5188E+00
.3425E+03 .9922E+00 .3482E+00 .2427E+00 .4852E+00
.3430E+03 .1086E+01 .3824E+00 .2675E+00 .5338E+00
.3435E+03 .1019E+01 .3599E+00 .2520E+00 .5026E+00
.3440E+03 .7679E+00 .2704E+00 .1971E+00 .3854E+00
.3445E+03 .7529E+00 .2679E+00 .1884E+00 .3749E+00
.3450E+03 .1000E+01 .3591E+00 .2451E+00 .4951E+00
.3455E+03 .1020E+01 .3687E+00 .2482E+00 .5049E+00
.3460E+03 .8656E+00 .3147E+00 .2095E+00 .4286E+00
.3465E+03 .9785E+00 .3576E+00 .2359E+00 .4849E+00
.3470E+03 .1046E+01 .3836E+00 .2533E+00 .5204E+00
.3475E+03 .8430E+00 .3105E+00 .2044E+00 .4206E+00
.3480E+03 .9615E+00 .3562E+00 .2309E+00 .4789E+00
.3485E+03 .9609E+00 .3576E+00 .2293E+00 .4783E+00
.3490E+03 .8893E+00 .3327E+00 .2117E+00 .4433E+00
.3495E+03 .8777E+00 .3300E+00 .2090E+00 .4387E+00
.3500E+03 .1083E+01 .4091E+00 .2574E+00 .5422E+00
.3505E+03 .1140E+01 .4324E+00 .2704E+00 .5715E+00
.3510E+03 .1016E+01 .3866E+00 .2412E+00 .5103E+00
.3515E+03 .9827E+00 .3748E+00 .2352E+00 .4962E+00
.3520E+03 .1055E+01 .4048E+00 .2506E+00 .5325E+00
.3525E+03 .8226E+00 .3172E+00 .1942E+00 .4151E+00
.3530E+03 .1034E+01 .4007E+00 .2433E+00 .5223E+00
.3535E+03 .1104E+01 .4294E+00 .2587E+00 .5577E+00
.3540E+03 .1145E+01 .4467E+00 .2671E+00 .5782E+00
.3545E+03 .1160E+01 .4543E+00 .2701E+00 .5864E+00
.3550E+03 .1154E+01 .4539E+00 .2686E+00 .5846E+00
.3555E+03 .1040E+01 .4112E+00 .2419E+00 .5282E+00
.3560E+03 .1086E+01 .4315E+00 .2522E+00 .5526E+00
.3565E+03 .9264E+00 .3694E+00 .2146E+00 .4718E+00
.3570E+03 .7650E+00 .3060E+00 .1768E+00 .3899E+00
.3575E+03 .9356E+00 .3756E+00 .2157E+00 .4772E+00
.3580E+03 .7405E+00 .2984E+00 .1704E+00 .3782E+00
.3585E+03 .6321E+00 .2557E+00 .1451E+00 .3232E+00
.3590E+03 .8832E+00 .3585E+00 .2025E+00 .4521E+00
.3595E+03 .1124E+01 .4577E+00 .2576E+00 .5762E+00
.3600E+03 .1190E+01 .4864E+00 .2720E+00 .6107E+00
.3605E+03 .9502E+00 .3897E+00 .2165E+00 .4879E+00
.3610E+03 .8643E+00 .3559E+00 .1966E+00 .4444E+00
.3615E+03 .9916E+00 .4103E+00 .2253E+00 .5110E+00
.3620E+03 .8542E+00 .3552E+00 .1940E+00 .4413E+00
.3625E+03 .1178E+01 .4921E+00 .2674E+00 .6100E+00
.3630E+03 .1055E+01 .4425E+00 .2392E+00 .5473E+00
.3635E+03 .9690E+00 .4082E+00 .2194E+00 .5036E+00
.3640E+03 .1182E+01 .4999E+00 .2674E+00 .6154E+00
.3645E+03 .1009E+01 .4280E+00 .2277E+00 .5257E+00
.3650E+03 .1026E+01 .4367E+00 .2311E+00 .5351E+00
.3655E+03 .1285E+01 .5490E+00 .2890E+00 .6713E+00
.3660E+03 .1359E+01 .5827E+00 .3051E+00 .7108E+00
.3665E+03 .1273E+01 .5483E+00 .2856E+00 .6673E+00
.3670E+03 .1238E+01 .5348E+00 .2771E+00 .6495E+00
.3675E+03 .1283E+01 .5558E+00 .2864E+00 .6734E+00
.3680E+03 .1121E+01 .4870E+00 .2497E+00 .5888E+00
.3685E+03 .1129E+01 .4924E+00 .2512E+00 .5940E+00
.3690E+03 .1217E+01 .5328E+00 .2705E+00 .6414E+00
.3695E+03 .1295E+01 .5691E+00 .2875E+00 .6837E+00
.3700E+03 .1379E+01 .6080E+00 .3056E+00 .7289E+00
.3705E+03 .1068E+01 .4727E+00 .2364E+00 .5656E+00
.3710E+03 .1139E+01 .5061E+00 .2518E+00 .6042E+00
.3715E+03 .1424E+01 .6343E+00 .3140E+00 .7556E+00
.3720E+03 .9440E+00 .4217E+00 .2077E+00 .5014E+00
.3725E+03 .1130E+01 .5066E+00 .2482E+00 .6009E+00
.3730E+03 .1147E+01 .5161E+00 .2517E+00 .6111E+00
.3735E+03 .7450E+00 .3364E+00 .1633E+00 .3975E+00
.3740E+03 .1081E+01 .4896E+00 .2365E+00 .5773E+00
.3745E+03 .8936E+00 .4061E+00 .1952E+00 .4780E+00
.3750E+03 .8677E+00 .3955E+00 .1891E+00 .4645E+00
.3755E+03 .1294E+01 .5915E+00 .2815E+00 .6933E+00
.3760E+03 .1072E+01 .4912E+00 .2326E+00 .5746E+00
.3765E+03 .1110E+01 .5100E+00 .2403E+00 .5954E+00
.3770E+03 .1173E+01 .5409E+00 .2537E+00 .6303E+00
.3775E+03 .1371E+01 .6340E+00 .2959E+00 .7373E+00
.3780E+03 .1485E+01 .6886E+00 .3199E+00 .7993E+00
.3785E+03 .1403E+01 .6522E+00 .3015E+00 .7556E+00
.3790E+03 .1157E+01 .5394E+00 .2481E+00 .6237E+00
.3795E+03 .1057E+01 .4937E+00 .2260E+00 .5698E+00
.3800E+03 .1098E+01 .5142E+00 .2343E+00 .5923E+00
.3805E+03 .1328E+01 .6237E+00 .2829E+00 .7171E+00
.3810E+03 .1328E+01 .6258E+00 .2825E+00 .7183E+00
.3815E+03 .1050E+01 .4967E+00 .2232E+00 .5690E+00
.3820E+03 .9306E+00 .4416E+00 .1976E+00 .5050E+00
.3825E+03 .7914E+00 .3769E+00 .1679E+00 .4302E+00
.3830E+03 .7314E+00 .3493E+00 .1549E+00 .3981E+00
.3835E+03 .7033E+00 .3369E+00 .1487E+00 .3832E+00
.3840E+03 .7749E+00 .3721E+00 .1635E+00 .4226E+00
.3845E+03 .1138E+01 .5481E+00 .2397E+00 .6213E+00
.3850E+03 .1127E+01 .5444E+00 .2370E+00 .6160E+00
.3855E+03 .1048E+01 .5077E+00 .2201E+00 .5736E+00
.3860E+03 .8963E+00 .4356E+00 .1879E+00 .4912E+00
.3865E+03 .1175E+01 .5730E+00 .2462E+00 .6451E+00
.3870E+03 .9759E+00 .4769E+00 .2040E+00 .5360E+00
.3875E+03 .1095E+01 .5365E+00 .2284E+00 .6020E+00
.3880E+03 .1010E+01 .4962E+00 .2103E+00 .5558E+00
.3885E+03 .9968E+00 .4912E+00 .2073E+00 .5493E+00
.3890E+03 .1075E+01 .5310E+00 .2231E+00 .5928E+00
.3895E+03 .1300E+01 .6441E+00 .2694E+00 .7179E+00
.3900E+03 .1303E+01 .6473E+00 .2696E+00 .7203E+00
.3905E+03 .1198E+01 .5966E+00 .2474E+00 .6628E+00
.3910E+03 .1409E+01 .7033E+00 .2904E+00 .7800E+00
.3915E+03 .1436E+01 .7184E+00 .2953E+00 .7955E+00
.3920E+03 .1208E+01 .6060E+00 .2480E+00 .6700E+00
.3925E+03 .1080E+01 .5433E+00 .2214E+00 .5997E+00
.3930E+03 .6000E+00 .3027E+00 .1228E+00 .3336E+00
.3935E+03 .4355E+00 .2203E+00 .8903E-01 .2424E+00
.3940E+03 .8854E+00 .4489E+00 .1806E+00 .4932E+00
.3945E+03 .1124E+01 .5715E+00 .2290E+00 .6269E+00
.3950E+03 .1371E+01 .6982E+00 .2786E+00 .7648E+00
.3955E+03 .1392E+01 .7103E+00 .2822E+00 .7767E+00
.3960E+03 .1205E+01 .6167E+00 .2440E+00 .6733E+00
.3965E+03 .7032E+00 .3609E+00 .1422E+00 .3935E+00
.3970E+03 .5271E+00 .2712E+00 .1064E+00 .2953E+00
.3975E+03 .1071E+01 .5524E+00 .2158E+00 .6004E+00
.3980E+03 .1500E+01 .7747E+00 .3013E+00 .8407E+00
.3985E+03 .1549E+01 .8017E+00 .3105E+00 .8687E+00
.3990E+03 .1673E+01 .8690E+00 .3353E+00 .9404E+00
.3995E+03 .1666E+01 .8673E+00 .3332E+00 .9371E+00
.4000E+03 .1730E+01 .9019E+00 .3451E+00 .9730E+00
.4010E+03 .1772E+01 .9283E+00 .3561E+00 .1002E+01
.4020E+03 .1865E+01 .9816E+00 .3736E+00 .1057E+01
.4030E+03 .1766E+01 .9345E+00 .3529E+00 .1004E+01
.4040E+03 .1736E+01 .9223E+00 .3455E+00 .9877E+00
.4050E+03 .1733E+01 .9242E+00 .3436E+00 .9870E+00
.4060E+03 .1700E+01 .9111E+00 .3361E+00 .9705E+00
.4070E+03 .1668E+01 .8984E+00 .3289E+00 .9544E+00
.4080E+03 .1732E+01 .9356E+00 .3398E+00 .9913E+00
.4090E+03 .1851E+01 .1004E+01 .3618E+00 .1060E+01
.4100E+03 .1613E+01 .8784E+00 .3143E+00 .9259E+00
.4110E+03 .1743E+01 .9534E+00 .3386E+00 .1002E+01
.4120E+03 .1867E+01 .1026E+01 .3616E+00 .1076E+01
.4130E+03 .1819E+01 .1002E+01 .3507E+00 .1049E+01
.4140E+03 .1837E+01 .1017E+01 .3532E+00 .1061E+01
.4150E+03 .1837E+01 .1021E+01 .3521E+00 .1063E+01
.4160E+03 .1865E+01 .1041E+01 .3564E+00 .1081E+01
.4170E+03 .1816E+01 .1018E+01 .3459E+00 .1054E+01
.4180E+03 .1780E+01 .1001E+01 .3377E+00 .1035E+01
.4190E+03 .1800E+01 .1016E+01 .3404E+00 .1048E+01
.4200E+03 .1790E+01 .1013E+01 .3371E+00 .1043E+01
.4210E+03 .1870E+01 .1062E+01 .3509E+00 .1090E+01
.4220E+03 .1774E+01 .1012E+01 .3318E+00 .1036E+01
.4230E+03 .1730E+01 .9899E+00 .3224E+00 .1012E+01
.4240E+03 .1828E+01 .1049E+01 .3393E+00 .1070E+01
.4250E+03 .1821E+01 .1049E+01 .3370E+00 .1068E+01
.4260E+03 .1768E+01 .1023E+01 .3265E+00 .1039E+01
.4270E+03 .1733E+01 .1006E+01 .3187E+00 .1019E+01
.4280E+03 .1687E+01 .9816E+00 .3089E+00 .9924E+00
.4290E+03 .1593E+01 .9310E+00 .2911E+00 .9394E+00
.4300E+03 .1392E+01 .8160E+00 .2535E+00 .8216E+00
.4310E+03 .1380E+01 .8106E+00 .2500E+00 .8144E+00
.4320E+03 .1776E+01 .1048E+01 .3212E+00 .1051E+01
.4330E+03 .1783E+01 .1056E+01 .3213E+00 .1056E+01
.4340E+03 .1655E+01 .9819E+00 .2969E+00 .9806E+00
.4350E+03 .1728E+01 .1027E+01 .3086E+00 .1024E+01
.4360E+03 .1942E+01 .1159E+01 .3460E+00 .1153E+01
.4370E+03 .1910E+01 .1145E+01 .3395E+00 .1136E+01
.4380E+03 .1735E+01 .1044E+01 .3076E+00 .1034E+01
.4390E+03 .1798E+01 .1082E+01 .3166E+00 .1070E+01
.4400E+03 .1852E+01 .1118E+01 .3250E+00 .1103E+01
.4410E+03 .1914E+01 .1160E+01 .3352E+00 .1143E+01
.4420E+03 .2050E+01 .1246E+01 .3578E+00 .1225E+01
.4430E+03 .1999E+01 .1217E+01 .3471E+00 .1194E+01
.4440E+03 .2038E+01 .1244E+01 .3528E+00 .1219E+01
.4450E+03 .1995E+01 .1220E+01 .3436E+00 .1193E+01
.4460E+03 .1898E+01 .1165E+01 .3264E+00 .1138E+01
.4470E+03 .2046E+01 .1260E+01 .3510E+00 .1229E+01
.4480E+03 .2081E+01 .1283E+01 .3548E+00 .1248E+01
.4490E+03 .2081E+01 .1288E+01 .3544E+00 .1252E+01
.4500E+03 .2135E+01 .1326E+01 .3626E+00 .1286E+01
.4510E+03 .2212E+01 .1377E+01 .3743E+00 .1333E+01
.4520E+03 .2129E+01 .1329E+01 .3589E+00 .1284E+01
.4530E+03 .2000E+01 .1251E+01 .3360E+00 .1207E+01
.4540E+03 .2083E+01 .1307E+01 .3491E+00 .1259E+01
.4550E+03 .2095E+01 .1317E+01 .3496E+00 .1267E+01
.4560E+03 .2142E+01 .1350E+01 .3563E+00 .1297E+01
.4570E+03 .2176E+01 .1375E+01 .3605E+00 .1318E+01
.4580E+03 .2104E+01 .1331E+01 .3466E+00 .1273E+01
.4590E+03 .2090E+01 .1325E+01 .3431E+00 .1266E+01
.4600E+03 .2096E+01 .1331E+01 .3425E+00 .1269E+01
.4610E+03 .2142E+01 .1363E+01 .3487E+00 .1298E+01
.4620E+03 .2154E+01 .1375E+01 .3498E+00 .1307E+01
.4630E+03 .2140E+01 .1367E+01 .3459E+00 .1298E+01
.4640E+03 .2099E+01 .1345E+01 .3386E+00 .1275E+01
.4650E+03 .2067E+01 .1329E+01 .3329E+00 .1258E+01
.4660E+03 .2083E+01 .1344E+01 .3347E+00 .1270E+01
.4670E+03 .2047E+01 .1321E+01 .3272E+00 .1247E+01
.4680E+03 .2070E+01 .1339E+01 .3296E+00 .1262E+01
.4690E+03 .2080E+01 .1348E+01 .3300E+00 .1269E+01
.4700E+03 .2014E+01 .1307E+01 .3182E+00 .1228E+01
.4710E+03 .2010E+01 .1307E+01 .3164E+00 .1226E+01
.4720E+03 .2118E+01 .1379E+01 .3321E+00 .1292E+01
.4730E+03 .2091E+01 .1364E+01 .3266E+00 .1276E+01
.4740E+03 .2098E+01 .1369E+01 .3259E+00 .1279E+01
.4750E+03 .2120E+01 .1384E+01 .3276E+00 .1291E+01
.4760E+03 .2062E+01 .1347E+01 .3168E+00 .1254E+01
.4770E+03 .2071E+01 .1354E+01 .3165E+00 .1259E+01
.4780E+03 .2125E+01 .1392E+01 .3236E+00 .1293E+01
.4790E+03 .2107E+01 .1383E+01 .3198E+00 .1283E+01
.4800E+03 .2106E+01 .1386E+01 .3185E+00 .1283E+01
.4810E+03 .2139E+01 .1411E+01 .3227E+00 .1305E+01
.4820E+03 .2144E+01 .1419E+01 .3227E+00 .1311E+01
.4830E+03 .2112E+01 .1402E+01 .3173E+00 .1293E+01
.4840E+03 .2066E+01 .1374E+01 .3096E+00 .1266E+01
.4850E+03 .1966E+01 .1310E+01 .2938E+00 .1206E+01
.4860E+03 .1715E+01 .1146E+01 .2558E+00 .1054E+01
.4870E+03 .1794E+01 .1201E+01 .2670E+00 .1104E+01
.4880E+03 .1969E+01 .1319E+01 .2917E+00 .1210E+01
.4890E+03 .1977E+01 .1326E+01 .2915E+00 .1214E+01
.4900E+03 .2076E+01 .1395E+01 .3054E+00 .1277E+01
.4910E+03 .2037E+01 .1372E+01 .2989E+00 .1254E+01
.4920E+03 .1923E+01 .1297E+01 .2812E+00 .1184E+01
.4930E+03 .1985E+01 .1341E+01 .2893E+00 .1223E+01
.4940E+03 .2004E+01 .1356E+01 .2910E+00 .1235E+01
.4950E+03 .2020E+01 .1368E+01 .2924E+00 .1245E+01
.4960E+03 .2032E+01 .1378E+01 .2930E+00 .1252E+01
.4970E+03 .2063E+01 .1401E+01 .2964E+00 .1272E+01
.4980E+03 .1966E+01 .1337E+01 .2814E+00 .1212E+01
.4990E+03 .1992E+01 .1356E+01 .2839E+00 .1228E+01
.5000E+03 .1936E+01 .1319E+01 .2754E+00 .1194E+01
.5010E+03 .1903E+01 .1297E+01 .2692E+00 .1172E+01
.5020E+03 .1882E+01 .1282E+01 .2645E+00 .1157E+01
.5030E+03 .1965E+01 .1338E+01 .2744E+00 .1206E+01
.5040E+03 .1937E+01 .1313E+01 .2676E+00 .1182E+01
.5050E+03 .1987E+01 .1354E+01 .2749E+00 .1218E+01
.5060E+03 .2052E+01 .1400E+01 .2829E+00 .1258E+01
.5070E+03 .1952E+01 .1334E+01 .2685E+00 .1197E+01
.5080E+03 .1885E+01 .1292E+01 .2591E+00 .1159E+01
.5090E+03 .1933E+01 .1328E+01 .2653E+00 .1190E+01
.5100E+03 .1919E+01 .1321E+01 .2629E+00 .1183E+01
.5110E+03 .1966E+01 .1357E+01 .2688E+00 .1213E+01
.5120E+03 .1985E+01 .1372E+01 .2708E+00 .1226E+01
.5130E+03 .1878E+01 .1301E+01 .2557E+00 .1161E+01
.5140E+03 .1863E+01 .1292E+01 .2530E+00 .1153E+01
.5150E+03 .1844E+01 .1281E+01 .2497E+00 .1141E+01
.5160E+03 .1840E+01 .1279E+01 .2484E+00 .1139E+01
.5170E+03 .1633E+01 .1138E+01 .2199E+00 .1012E+01
.5180E+03 .1717E+01 .1197E+01 .2305E+00 .1064E+01
.5190E+03 .1801E+01 .1257E+01 .2410E+00 .1116E+01
.5200E+03 .1868E+01 .1304E+01 .2489E+00 .1157E+01
.5210E+03 .1886E+01 .1318E+01 .2504E+00 .1168E+01
.5220E+03 .1889E+01 .1321E+01 .2498E+00 .1169E+01
.5230E+03 .1856E+01 .1299E+01 .2446E+00 .1149E+01
.5240E+03 .1925E+01 .1348E+01 .2525E+00 .1191E+01
.5250E+03 .1952E+01 .1366E+01 .2547E+00 .1206E+01
.5260E+03 .1866E+01 .1306E+01 .2423E+00 .1152E+01
.5270E+03 .1761E+01 .1233E+01 .2276E+00 .1086E+01
.5280E+03 .1866E+01 .1305E+01 .2397E+00 .1149E+01
.5290E+03 .1969E+01 .1377E+01 .2516E+00 .1211E+01
.5300E+03 .1942E+01 .1359E+01 .2471E+00 .1194E+01
.5310E+03 .1972E+01 .1381E+01 .2499E+00 .1212E+01
.5320E+03 .1905E+01 .1336E+01 .2404E+00 .1170E+01
.5330E+03 .1849E+01 .1298E+01 .2325E+00 .1136E+01
.5340E+03 .1902E+01 .1337E+01 .2384E+00 .1169E+01
.5350E+03 .1941E+01 .1366E+01 .2426E+00 .1194E+01
.5360E+03 .1957E+01 .1379E+01 .2437E+00 .1204E+01
.5370E+03 .1878E+01 .1325E+01 .2332E+00 .1156E+01
.5380E+03 .1910E+01 .1350E+01 .2365E+00 .1176E+01
.5390E+03 .1894E+01 .1340E+01 .2337E+00 .1167E+01
.5400E+03 .1816E+01 .1287E+01 .2232E+00 .1119E+01
.5410E+03 .1834E+01 .1299E+01 .2241E+00 .1128E+01
.5420E+03 .1895E+01 .1341E+01 .2303E+00 .1164E+01
.5430E+03 .1870E+01 .1327E+01 .2267E+00 .1151E+01
.5440E+03 .1907E+01 .1353E+01 .2299E+00 .1172E+01
.5450E+03 .1900E+01 .1348E+01 .2281E+00 .1167E+01
.5460E+03 .1913E+01 .1356E+01 .2282E+00 .1173E+01
.5470E+03 .1908E+01 .1354E+01 .2268E+00 .1170E+01
.5480E+03 .1883E+01 .1338E+01 .2230E+00 .1155E+01
.5490E+03 .1887E+01 .1343E+01 .2228E+00 .1158E+01
.5500E+03 .1909E+01 .1361E+01 .2247E+00 .1172E+01
.5510E+03 .1885E+01 .1346E+01 .2211E+00 .1158E+01
.5520E+03 .1898E+01 .1356E+01 .2217E+00 .1166E+01
.5530E+03 .1865E+01 .1333E+01 .2169E+00 .1145E+01
.5540E+03 .1910E+01 .1366E+01 .2210E+00 .1172E+01
.5550E+03 .1915E+01 .1369E+01 .2205E+00 .1174E+01
.5560E+03 .1891E+01 .1352E+01 .2166E+00 .1158E+01
.5570E+03 .1833E+01 .1312E+01 .2090E+00 .1122E+01
.5580E+03 .1822E+01 .1303E+01 .2065E+00 .1114E+01
.5590E+03 .1791E+01 .1280E+01 .2017E+00 .1093E+01
.5600E+03 .1815E+01 .1298E+01 .2034E+00 .1107E+01
.5610E+03 .1842E+01 .1317E+01 .2053E+00 .1122E+01
.5620E+03 .1831E+01 .1310E+01 .2029E+00 .1115E+01
.5630E+03 .1886E+01 .1348E+01 .2077E+00 .1146E+01
.5640E+03 .1837E+01 .1313E+01 .2012E+00 .1116E+01
.5650E+03 .1824E+01 .1304E+01 .1986E+00 .1106E+01
.5660E+03 .1800E+01 .1287E+01 .1948E+00 .1091E+01
.5670E+03 .1838E+01 .1313E+01 .1977E+00 .1112E+01
.5680E+03 .1832E+01 .1306E+01 .1955E+00 .1105E+01
.5690E+03 .1810E+01 .1284E+01 .1910E+00 .1085E+01
.5700E+03 .1806E+01 .1283E+01 .1898E+00 .1083E+01
.5710E+03 .1789E+01 .1274E+01 .1875E+00 .1075E+01
.5720E+03 .1847E+01 .1311E+01 .1918E+00 .1105E+01
.5730E+03 .1869E+01 .1327E+01 .1932E+00 .1117E+01
.5740E+03 .1866E+01 .1325E+01 .1919E+00 .1114E+01
.5750E+03 .1835E+01 .1303E+01 .1878E+00 .1095E+01
.5760E+03 .1818E+01 .1292E+01 .1853E+00 .1085E+01
.5770E+03 .1836E+01 .1306E+01 .1865E+00 .1096E+01
.5780E+03 .1803E+01 .1286E+01 .1829E+00 .1078E+01
.5790E+03 .1801E+01 .1289E+01 .1826E+00 .1080E+01
.5800E+03 .1821E+01 .1309E+01 .1848E+00 .1096E+01
.5810E+03 .1820E+01 .1313E+01 .1847E+00 .1099E+01
.5820E+03 .1846E+01 .1336E+01 .1872E+00 .1117E+01
.5830E+03 .1843E+01 .1338E+01 .1868E+00 .1118E+01
.5840E+03 .1854E+01 .1349E+01 .1876E+00 .1127E+01
.5850E+03 .1805E+01 .1316E+01 .1823E+00 .1098E+01
.5860E+03 .1768E+01 .1289E+01 .1778E+00 .1075E+01
.5870E+03 .1813E+01 .1319E+01 .1811E+00 .1100E+01
.5880E+03 .1796E+01 .1298E+01 .1770E+00 .1081E+01
.5890E+03 .1649E+01 .1170E+01 .1583E+00 .9728E+00
.5900E+03 .1719E+01 .1223E+01 .1648E+00 .1016E+01
.5910E+03 .1785E+01 .1282E+01 .1724E+00 .1065E+01
.5920E+03 .1783E+01 .1275E+01 .1706E+00 .1058E+01
.5930E+03 .1787E+01 .1285E+01 .1714E+00 .1066E+01
.5940E+03 .1784E+01 .1282E+01 .1701E+00 .1063E+01
.5950E+03 .1755E+01 .1257E+01 .1660E+00 .1041E+01
.5960E+03 .1782E+01 .1291E+01 .1701E+00 .1069E+01
.5970E+03 .1770E+01 .1281E+01 .1679E+00 .1060E+01
.5980E+03 .1754E+01 .1275E+01 .1666E+00 .1054E+01
.5990E+03 .1749E+01 .1275E+01 .1660E+00 .1054E+01
.6000E+03 .1740E+01 .1274E+01 .1652E+00 .1052E+01
.6010E+03 .1718E+01 .1260E+01 .1628E+00 .1040E+01
.6020E+03 .1705E+01 .1251E+01 .1610E+00 .1032E+01
.6030E+03 .1730E+01 .1271E+01 .1628E+00 .1048E+01
.6040E+03 .1757E+01 .1291E+01 .1647E+00 .1064E+01
.6050E+03 .1746E+01 .1285E+01 .1633E+00 .1058E+01
.6060E+03 .1735E+01 .1281E+01 .1622E+00 .1054E+01
.6070E+03 .1748E+01 .1296E+01 .1635E+00 .1066E+01
.6080E+03 .1725E+01 .1282E+01 .1613E+00 .1054E+01
.6090E+03 .1725E+01 .1285E+01 .1611E+00 .1056E+01
.6100E+03 .1709E+01 .1275E+01 .1593E+00 .1047E+01
.6110E+03 .1716E+01 .1283E+01 .1598E+00 .1053E+01
.6120E+03 .1709E+01 .1279E+01 .1588E+00 .1049E+01
.6130E+03 .1686E+01 .1263E+01 .1563E+00 .1036E+01
.6140E+03 .1660E+01 .1246E+01 .1537E+00 .1021E+01
.6150E+03 .1693E+01 .1273E+01 .1566E+00 .1043E+01
.6160E+03 .1635E+01 .1232E+01 .1510E+00 .1009E+01
.6170E+03 .1630E+01 .1230E+01 .1503E+00 .1007E+01
.6180E+03 .1691E+01 .1277E+01 .1555E+00 .1045E+01
.6190E+03 .1673E+01 .1265E+01 .1535E+00 .1034E+01
.6200E+03 .1684E+01 .1273E+01 .1539E+00 .1040E+01
.6210E+03 .1689E+01 .1273E+01 .1533E+00 .1040E+01
.6220E+03 .1673E+01 .1250E+01 .1497E+00 .1020E+01
.6230E+03 .1651E+01 .1224E+01 .1457E+00 .9979E+00
.6240E+03 .1620E+01 .1208E+01 .1435E+00 .9845E+00
.6250E+03 .1616E+01 .1214E+01 .1439E+00 .9891E+00
.6260E+03 .1641E+01 .1235E+01 .1460E+00 .1006E+01
.6270E+03 .1668E+01 .1254E+01 .1477E+00 .1021E+01
.6280E+03 .1666E+01 .1206E+01 .1405E+00 .9805E+00
.6290E+03 .1666E+01 .1239E+01 .1446E+00 .1008E+01
.6300E+03 .1631E+01 .1213E+01 .1411E+00 .9858E+00
.6310E+03 .1632E+01 .1233E+01 .1433E+00 .1001E+01
.6320E+03 .1607E+01 .1220E+01 .1415E+00 .9908E+00
.6330E+03 .1641E+01 .1255E+01 .1453E+00 .1019E+01
.6340E+03 .1614E+01 .1241E+01 .1433E+00 .1007E+01
.6350E+03 .1634E+01 .1259E+01 .1450E+00 .1022E+01
.6360E+03 .1606E+01 .1240E+01 .1424E+00 .1006E+01
.6370E+03 .1628E+01 .1259E+01 .1441E+00 .1021E+01
.6380E+03 .1636E+01 .1269E+01 .1448E+00 .1028E+01
.6390E+03 .1614E+01 .1255E+01 .1428E+00 .1017E+01
.6400E+03 .1594E+01 .1243E+01 .1410E+00 .1007E+01
.6410E+03 .1590E+01 .1243E+01 .1405E+00 .1006E+01
.6420E+03 .1579E+01 .1237E+01 .1394E+00 .1001E+01
.6430E+03 .1600E+01 .1254E+01 .1409E+00 .1014E+01
.6440E+03 .1591E+01 .1250E+01 .1400E+00 .1010E+01
.6450E+03 .1596E+01 .1254E+01 .1400E+00 .1013E+01
.6460E+03 .1572E+01 .1232E+01 .1370E+00 .9946E+00
.6470E+03 .1580E+01 .1230E+01 .1361E+00 .9922E+00
.6480E+03 .1594E+01 .1236E+01 .1362E+00 .9965E+00
.6490E+03 .1563E+01 .1212E+01 .1332E+00 .9771E+00
.6500E+03 .1532E+01 .1204E+01 .1322E+00 .9702E+00
.6510E+03 .1589E+01 .1253E+01 .1372E+00 .1010E+01
.6520E+03 .1571E+01 .1221E+01 .1330E+00 .9833E+00
.6530E+03 .1569E+01 .1238E+01 .1347E+00 .9969E+00
.6540E+03 .1546E+01 .1223E+01 .1327E+00 .9842E+00
.6550E+03 .1512E+01 .1187E+01 .1281E+00 .9546E+00
.6560E+03 .1324E+01 .1046E+01 .1127E+00 .8410E+00
.6570E+03 .1359E+01 .1074E+01 .1153E+00 .8630E+00
.6580E+03 .1512E+01 .1198E+01 .1283E+00 .9628E+00
.6590E+03 .1516E+01 .1202E+01 .1283E+00 .9652E+00
.6600E+03 .1520E+01 .1200E+01 .1275E+00 .9632E+00
.6610E+03 .1530E+01 .1196E+01 .1264E+00 .9592E+00
.6620E+03 .1540E+01 .1191E+01 .1252E+00 .9543E+00
.6630E+03 .1507E+01 .1173E+01 .1231E+00 .9398E+00
.6640E+03 .1515E+01 .1195E+01 .1253E+00 .9573E+00
.6650E+03 .1509E+01 .1200E+01 .1257E+00 .9614E+00
.6660E+03 .1507E+01 .1206E+01 .1261E+00 .9661E+00
.6670E+03 .1502E+01 .1208E+01 .1261E+00 .9675E+00
.6680E+03 .1499E+01 .1210E+01 .1260E+00 .9686E+00
.6690E+03 .1520E+01 .1230E+01 .1277E+00 .9839E+00
.6700E+03 .1512E+01 .1225E+01 .1269E+00 .9799E+00
.6710E+03 .1510E+01 .1225E+01 .1266E+00 .9796E+00
.6720E+03 .1496E+01 .1215E+01 .1252E+00 .9712E+00
.6730E+03 .1517E+01 .1234E+01 .1268E+00 .9858E+00
.6740E+03 .1510E+01 .1230E+01 .1260E+00 .9821E+00
.6750E+03 .1495E+01 .1219E+01 .1246E+00 .9730E+00
.6760E+03 .1504E+01 .1227E+01 .1251E+00 .9795E+00
.6770E+03 .1488E+01 .1215E+01 .1235E+00 .9694E+00
.6780E+03 .1491E+01 .1218E+01 .1235E+00 .9717E+00
.6790E+03 .1466E+01 .1199E+01 .1213E+00 .9559E+00
.6800E+03 .1477E+01 .1209E+01 .1220E+00 .9637E+00
.6810E+03 .1467E+01 .1202E+01 .1210E+00 .9578E+00
.6820E+03 .1465E+01 .1201E+01 .1206E+00 .9570E+00
.6830E+03 .1462E+01 .1200E+01 .1202E+00 .9555E+00
.6840E+03 .1455E+01 .1195E+01 .1194E+00 .9511E+00
.6850E+03 .1466E+01 .1205E+01 .1202E+00 .9593E+00
.6860E+03 .1459E+01 .1199E+01 .1194E+00 .9543E+00
.6870E+03 .1477E+01 .9495E+00 .8939E-01 .7505E+00
.6880E+03 .1460E+01 .1037E+01 .9955E-01 .8216E+00
.6890E+03 .1457E+01 .1039E+01 .9962E-01 .8230E+00
.6900E+03 .1447E+01 .1066E+01 .1027E+00 .8450E+00
.6910E+03 .1436E+01 .1096E+01 .1063E+00 .8693E+00
.6920E+03 .1423E+01 .1117E+01 .1090E+00 .8870E+00
.6930E+03 .1425E+01 .1117E+01 .1089E+00 .8869E+00
.6940E+03 .1429E+01 .1117E+01 .1089E+00 .8867E+00
.6950E+03 .1429E+01 .1142E+01 .1118E+00 .9068E+00
.6960E+03 .1441E+01 .1146E+01 .1122E+00 .9103E+00
.6970E+03 .1435E+01 .1181E+01 .1162E+00 .9382E+00
.6980E+03 .1415E+01 .1164E+01 .1145E+00 .9248E+00
.6990E+03 .1434E+01 .1159E+01 .1137E+00 .9207E+00
.7000E+03 .1416E+01 .1145E+01 .1124E+00 .9099E+00
.7010E+03 .1413E+01 .1140E+01 .1119E+00 .9056E+00
.7020E+03 .1405E+01 .1141E+01 .1122E+00 .9068E+00
.7030E+03 .1411E+01 .1144E+01 .1125E+00 .9088E+00
.7040E+03 .1425E+01 .1167E+01 .1151E+00 .9280E+00
.7050E+03 .1427E+01 .1171E+01 .1156E+00 .9311E+00
.7060E+03 .1413E+01 .1165E+01 .1152E+00 .9265E+00
.7070E+03 .1410E+01 .1165E+01 .1154E+00 .9268E+00
.7080E+03 .1413E+01 .1168E+01 .1159E+00 .9293E+00
.7090E+03 .1399E+01 .1163E+01 .1156E+00 .9255E+00
.7100E+03 .1406E+01 .1167E+01 .1161E+00 .9286E+00
.7110E+03 .1399E+01 .1163E+01 .1159E+00 .9258E+00
.7120E+03 .1388E+01 .1157E+01 .1155E+00 .9212E+00
.7130E+03 .1380E+01 .1149E+01 .1147E+00 .9147E+00
.7140E+03 .1385E+01 .1153E+01 .1154E+00 .9184E+00
.7150E+03 .1359E+01 .1125E+01 .1126E+00 .8962E+00
.7160E+03 .1366E+01 .1130E+01 .1131E+00 .8998E+00
.7170E+03 .1385E+01 .1057E+01 .1041E+00 .8401E+00
.7180E+03 .1363E+01 .1003E+01 .9852E-01 .7969E+00
.7190E+03 .1338E+01 .9361E+00 .9156E-01 .7433E+00
.7200E+03 .1364E+01 .9788E+00 .9601E-01 .7775E+00
.7210E+03 .1349E+01 .1024E+01 .1017E+00 .8144E+00
.7220E+03 .1348E+01 .1106E+01 .1115E+00 .8816E+00
.7230E+03 .1360E+01 .1066E+01 .1067E+00 .8487E+00
.7240E+03 .1349E+01 .1001E+01 .9938E-01 .7961E+00
.7250E+03 .1340E+01 .9959E+00 .9891E-01 .7923E+00
.7260E+03 .1342E+01 .1025E+01 .1022E+00 .8160E+00
.7270E+03 .1351E+01 .1029E+01 .1030E+00 .8198E+00
.7280E+03 .1327E+01 .9942E+00 .9891E-01 .7911E+00
.7290E+03 .1299E+01 .9998E+00 .1002E+00 .7963E+00
.7300E+03 .1332E+01 .1049E+01 .1055E+00 .8358E+00
.7310E+03 .1322E+01 .1015E+01 .1017E+00 .8087E+00
.7320E+03 .1325E+01 .1056E+01 .1067E+00 .8419E+00
.7330E+03 .1321E+01 .1087E+01 .1107E+00 .8675E+00
.7340E+03 .1335E+01 .1105E+01 .1128E+00 .8825E+00
.7350E+03 .1316E+01 .1087E+01 .1108E+00 .8673E+00
.7360E+03 .1309E+01 .1085E+01 .1107E+00 .8662E+00
.7370E+03 .1320E+01 .1091E+01 .1112E+00 .8708E+00
.7380E+03 .1297E+01 .1091E+01 .1117E+00 .8715E+00
.7390E+03 .1275E+01 .1072E+01 .1096E+00 .8557E+00
.7400E+03 .1294E+01 .1093E+01 .1120E+00 .8733E+00
.7410E+03 .1273E+01 .1079E+01 .1105E+00 .8619E+00
.7420E+03 .1267E+01 .1077E+01 .1103E+00 .8604E+00
.7430E+03 .1297E+01 .1104E+01 .1129E+00 .8816E+00
.7440E+03 .1289E+01 .1099E+01 .1123E+00 .8776E+00
.7450E+03 .1286E+01 .1098E+01 .1121E+00 .8766E+00
.7460E+03 .1292E+01 .1103E+01 .1125E+00 .8808E+00
.7470E+03 .1294E+01 .1106E+01 .1126E+00 .8825E+00
.7480E+03 .1291E+01 .1104E+01 .1122E+00 .8807E+00
.7490E+03 .1276E+01 .1091E+01 .1108E+00 .8707E+00
.7500E+03 .1275E+01 .1091E+01 .1106E+00 .8703E+00
.7510E+03 .1262E+01 .1081E+01 .1093E+00 .8616E+00
.7520E+03 .1267E+01 .1085E+01 .1096E+00 .8654E+00
.7530E+03 .1273E+01 .1091E+01 .1100E+00 .8698E+00
.7540E+03 .1276E+01 .1094E+01 .1101E+00 .8720E+00
.7550E+03 .1269E+01 .1088E+01 .1093E+00 .8672E+00
.7560E+03 .1268E+01 .1088E+01 .1091E+00 .8668E+00
.7570E+03 .1270E+01 .1090E+01 .1091E+00 .8682E+00
.7580E+03 .1255E+01 .1077E+01 .1075E+00 .8577E+00
.7590E+03 .1251E+01 .1064E+01 .1057E+00 .8467E+00
.7600E+03 .1251E+01 .3708E+00 .2741E-01 .2856E+00
.7610E+03 .1247E+01 .2532E+00 .1692E-01 .1932E+00
.7620E+03 .1225E+01 .7132E+00 .6305E-01 .5596E+00
.7630E+03 .1248E+01 .4765E+00 .3741E-01 .3691E+00
.7640E+03 .1241E+01 .6058E+00 .5074E-01 .4726E+00
.7650E+03 .1228E+01 .7141E+00 .6265E-01 .5599E+00
.7660E+03 .1178E+01 .7919E+00 .7220E-01 .6235E+00
.7670E+03 .1218E+01 .9205E+00 .8659E-01 .7275E+00
.7680E+03 .1223E+01 .1003E+01 .9642E-01 .7950E+00
.7690E+03 .1211E+01 .1012E+01 .9750E-01 .8020E+00
.7700E+03 .1211E+01 .1032E+01 .9980E-01 .8184E+00
.7710E+03 .1203E+01 .1034E+01 .1000E+00 .8203E+00
.7720E+03 .1200E+01 .1035E+01 .9992E-01 .8205E+00
.7730E+03 .1207E+01 .1042E+01 .1004E+00 .8259E+00
.7740E+03 .1200E+01 .1037E+01 .9963E-01 .8215E+00
.7750E+03 .1190E+01 .1029E+01 .9862E-01 .8150E+00
.7760E+03 .1204E+01 .1042E+01 .9957E-01 .8247E+00
.7770E+03 .1188E+01 .1028E+01 .9803E-01 .8138E+00
.7780E+03 .1181E+01 .1022E+01 .9722E-01 .8089E+00
.7790E+03 .1182E+01 .1023E+01 .9709E-01 .8096E+00
.7800E+03 .1175E+01 .1018E+01 .9632E-01 .8049E+00
.7810E+03 .1176E+01 .1019E+01 .9622E-01 .8057E+00
.7820E+03 .1183E+01 .1026E+01 .9662E-01 .8107E+00
.7830E+03 .1162E+01 .1008E+01 .9474E-01 .7965E+00
.7840E+03 .1167E+01 .1013E+01 .9499E-01 .8002E+00
.7850E+03 .1160E+01 .1007E+01 .9416E-01 .7950E+00
.7860E+03 .1174E+01 .1019E+01 .9505E-01 .8044E+00
.7870E+03 .1169E+01 .1009E+01 .9375E-01 .7962E+00
.7880E+03 .1163E+01 .1001E+01 .9266E-01 .7893E+00
.7890E+03 .1169E+01 .1003E+01 .9262E-01 .7909E+00
.7900E+03 .1167E+01 .9885E+00 .9073E-01 .7790E+00
.7910E+03 .1151E+01 .9859E+00 .9056E-01 .7770E+00
.7920E+03 .1140E+01 .9774E+00 .8959E-01 .7701E+00
.7930E+03 .1125E+01 .9632E+00 .8803E-01 .7587E+00
.7940E+03 .1112E+01 .9666E+00 .8844E-01 .7615E+00
.7950E+03 .1138E+01 .9865E+00 .8996E-01 .7768E+00
.7960E+03 .1142E+01 .9729E+00 .8808E-01 .7655E+00
.7970E+03 .1141E+01 .9745E+00 .8804E-01 .7665E+00
.7980E+03 .1140E+01 .9881E+00 .8942E-01 .7774E+00
.7990E+03 .1141E+01 .9853E+00 .8887E-01 .7749E+00
.8000E+03 .1131E+01 .9728E+00 .8744E-01 .7647E+00
.8010E+03 .1134E+01 .9728E+00 .8715E-01 .7645E+00
.8020E+03 .1129E+01 .9699E+00 .8670E-01 .7620E+00
.8030E+03 .1124E+01 .9647E+00 .8598E-01 .7577E+00
.8040E+03 .1122E+01 .9645E+00 .8580E-01 .7574E+00
.8050E+03 .1108E+01 .9572E+00 .8504E-01 .7515E+00
.8060E+03 .1123E+01 .9773E+00 .8679E-01 .7672E+00
.8070E+03 .1114E+01 .9675E+00 .8566E-01 .7593E+00
.8080E+03 .1112E+01 .9674E+00 .8546E-01 .7591E+00
.8090E+03 .1103E+01 .9550E+00 .8402E-01 .7489E+00
.8100E+03 .1106E+01 .9532E+00 .8357E-01 .7473E+00
.8110E+03 .1117E+01 .9597E+00 .8380E-01 .7520E+00
.8120E+03 .1118E+01 .9443E+00 .8189E-01 .7394E+00
.8130E+03 .1120E+01 .9339E+00 .8054E-01 .7308E+00
.8140E+03 .1113E+01 .8662E+00 .7329E-01 .6764E+00
.8150E+03 .1107E+01 .8627E+00 .7285E-01 .6735E+00
.8160E+03 .1105E+01 .8232E+00 .6905E-01 .6422E+00
.8170E+03 .1101E+01 .8297E+00 .6957E-01 .6472E+00
.8180E+03 .1079E+01 .8081E+00 .6744E-01 .6301E+00
.8190E+03 .1073E+01 .8589E+00 .7250E-01 .6705E+00
.8200E+03 .1066E+01 .8266E+00 .6917E-01 .6447E+00
.8210E+03 .1065E+01 .9062E+00 .7706E-01 .7080E+00
.8220E+03 .1067E+01 .8920E+00 .7545E-01 .6965E+00
.8230E+03 .1078E+01 .7116E+00 .5718E-01 .5526E+00
.8240E+03 .1075E+01 .8848E+00 .7419E-01 .6903E+00
.8250E+03 .1072E+01 .8975E+00 .7548E-01 .7004E+00
.8260E+03 .1080E+01 .8815E+00 .7350E-01 .6873E+00
.8270E+03 .1078E+01 .9101E+00 .7627E-01 .7099E+00
.8280E+03 .1072E+01 .8263E+00 .6780E-01 .6431E+00
.8290E+03 .1065E+01 .8740E+00 .7253E-01 .6810E+00
.8300E+03 .1062E+01 .8684E+00 .7182E-01 .6764E+00
.8310E+03 .1056E+01 .8687E+00 .7175E-01 .6766E+00
.8320E+03 .1059E+01 .8539E+00 .7010E-01 .6646E+00
.8330E+03 .1026E+01 .8739E+00 .7228E-01 .6807E+00
.8340E+03 .1031E+01 .8585E+00 .7044E-01 .6682E+00
.8350E+03 .1047E+01 .9104E+00 .7534E-01 .7092E+00
.8360E+03 .1052E+01 .8907E+00 .7303E-01 .6932E+00
.8370E+03 .1047E+01 .9121E+00 .7516E-01 .7102E+00
.8380E+03 .1031E+01 .8919E+00 .7317E-01 .6941E+00
.8390E+03 .1028E+01 .8973E+00 .7363E-01 .6984E+00
.8400E+03 .1045E+01 .9150E+00 .7496E-01 .7120E+00
.8410E+03 .1039E+01 .9059E+00 .7396E-01 .7047E+00
.8420E+03 .1030E+01 .9026E+00 .7362E-01 .7020E+00
.8430E+03 .1018E+01 .8967E+00 .7309E-01 .6975E+00
.8440E+03 .1011E+01 .8879E+00 .7214E-01 .6903E+00
.8450E+03 .1035E+01 .9134E+00 .7413E-01 .7101E+00
.8460E+03 .1029E+01 .9088E+00 .7360E-01 .7064E+00
.8470E+03 .1006E+01 .8903E+00 .7197E-01 .6919E+00
.8480E+03 .1005E+01 .8874E+00 .7151E-01 .6894E+00
.8490E+03 .9768E+00 .8625E+00 .6934E-01 .6698E+00
.8500E+03 .9348E+00 .8261E+00 .6626E-01 .6414E+00
.8510E+03 .9958E+00 .8774E+00 .7015E-01 .6811E+00
.8520E+03 .9863E+00 .8704E+00 .6945E-01 .6755E+00
.8530E+03 .9445E+00 .8357E+00 .6657E-01 .6485E+00
.8540E+03 .8195E+00 .7237E+00 .5748E-01 .5613E+00
.8550E+03 .8947E+00 .7926E+00 .6287E-01 .6147E+00
.8560E+03 .9802E+00 .8676E+00 .6865E-01 .6727E+00
.8570E+03 .9983E+00 .8854E+00 .6993E-01 .6864E+00
.8580E+03 .9924E+00 .8798E+00 .6933E-01 .6819E+00
.8590E+03 .9913E+00 .8798E+00 .6920E-01 .6818E+00
.8600E+03 .9915E+00 .8808E+00 .6915E-01 .6824E+00
.8610E+03 .9866E+00 .8765E+00 .6866E-01 .6789E+00
.8620E+03 .1001E+01 .8901E+00 .6958E-01 .6893E+00
.8630E+03 .1025E+01 .9113E+00 .7108E-01 .7056E+00
.8640E+03 .9735E+00 .8659E+00 .6740E-01 .6703E+00
.8650E+03 .9645E+00 .8583E+00 .6667E-01 .6643E+00
.8660E+03 .8673E+00 .7720E+00 .5983E-01 .5973E+00
.8670E+03 .9049E+00 .8057E+00 .6231E-01 .6233E+00
.8680E+03 .9846E+00 .8769E+00 .6767E-01 .6782E+00
.8690E+03 .9639E+00 .8589E+00 .6613E-01 .6641E+00
.8700E+03 .9913E+00 .8835E+00 .6788E-01 .6830E+00
.8710E+03 .9779E+00 .8717E+00 .6682E-01 .6738E+00
.8720E+03 .9742E+00 .8687E+00 .6645E-01 .6713E+00
.8730E+03 .9722E+00 .8671E+00 .6618E-01 .6699E+00
.8740E+03 .9605E+00 .8570E+00 .6526E-01 .6619E+00
.8750E+03 .9413E+00 .8399E+00 .6382E-01 .6486E+00
.8760E+03 .9514E+00 .8490E+00 .6436E-01 .6555E+00
.8770E+03 .9606E+00 .8576E+00 .6487E-01 .6619E+00
.8780E+03 .9720E+00 .8675E+00 .6547E-01 .6695E+00
.8790E+03 .9568E+00 .8543E+00 .6433E-01 .6591E+00
.8800E+03 .9362E+00 .8361E+00 .6282E-01 .6449E+00
.8810E+03 .9249E+00 .8250E+00 .6182E-01 .6362E+00
.8820E+03 .9454E+00 .8433E+00 .6304E-01 .6502E+00
.8830E+03 .9466E+00 .8452E+00 .6306E-01 .6516E+00
.8840E+03 .9428E+00 .8418E+00 .6266E-01 .6487E+00
.8850E+03 .9498E+00 .8482E+00 .6300E-01 .6536E+00
.8860E+03 .9143E+00 .8129E+00 .6015E-01 .6261E+00
.8870E+03 .9175E+00 .8185E+00 .6049E-01 .6304E+00
.8880E+03 .9375E+00 .8336E+00 .6142E-01 .6418E+00
.8890E+03 .9378E+00 .8386E+00 .6173E-01 .6456E+00
.8900E+03 .9405E+00 .8366E+00 .6136E-01 .6438E+00
.8910E+03 .9334E+00 .8332E+00 .6103E-01 .6412E+00
.8920E+03 .9184E+00 .8146E+00 .5942E-01 .6266E+00
.8930E+03 .9129E+00 .7980E+00 .5787E-01 .6135E+00
.8940E+03 .9151E+00 .7837E+00 .5640E-01 .6021E+00
.8950E+03 .9115E+00 .7603E+00 .5420E-01 .5836E+00
.8960E+03 .9250E+00 .7389E+00 .5226E-01 .5667E+00
.8970E+03 .9110E+00 .6717E+00 .4667E-01 .5143E+00
.8980E+03 .9148E+00 .7081E+00 .4952E-01 .5425E+00
.8990E+03 .9121E+00 .5880E+00 .3966E-01 .4491E+00
.9000E+03 .8913E+00 .7069E+00 .4952E-01 .5417E+00
.9010E+03 .8606E+00 .6083E+00 .4147E-01 .4650E+00
.9020E+03 .8695E+00 .6618E+00 .4582E-01 .5066E+00
.9030E+03 .9025E+00 .6798E+00 .4677E-01 .5201E+00
.9040E+03 .9115E+00 .7846E+00 .5532E-01 .6016E+00
.9050E+03 .9089E+00 .7670E+00 .5374E-01 .5878E+00
.9060E+03 .8879E+00 .7287E+00 .5070E-01 .5580E+00
.9070E+03 .8951E+00 .6456E+00 .4373E-01 .4932E+00
.9080E+03 .8794E+00 .6510E+00 .4420E-01 .4974E+00
.9090E+03 .8614E+00 .6771E+00 .4639E-01 .5179E+00
.9100E+03 .8785E+00 .6402E+00 .4289E-01 .4886E+00
.9110E+03 .8739E+00 .6565E+00 .4422E-01 .5013E+00
.9120E+03 .8751E+00 .6773E+00 .4593E-01 .5175E+00
.9130E+03 .8943E+00 .6500E+00 .4322E-01 .4958E+00
.9140E+03 .8837E+00 .6421E+00 .4281E-01 .4899E+00
.9150E+03 .8764E+00 .6780E+00 .4540E-01 .5175E+00
.9160E+03 .8802E+00 .6038E+00 .3974E-01 .4602E+00
.9170E+03 .8678E+00 .7003E+00 .4719E-01 .5348E+00
.9180E+03 .8720E+00 .6166E+00 .4054E-01 .4699E+00
.9190E+03 .8750E+00 .7080E+00 .4760E-01 .5406E+00
.9200E+03 .8642E+00 .7039E+00 .4750E-01 .5376E+00
.9210E+03 .8426E+00 .7159E+00 .4845E-01 .5469E+00
.9220E+03 .8394E+00 .6709E+00 .4466E-01 .5118E+00
.9230E+03 .8164E+00 .6925E+00 .4665E-01 .5288E+00
.9240E+03 .8422E+00 .6842E+00 .4545E-01 .5218E+00
.9250E+03 .8420E+00 .6749E+00 .4463E-01 .5145E+00
.9260E+03 .8313E+00 .6773E+00 .4480E-01 .5164E+00
.9270E+03 .8577E+00 .7309E+00 .4877E-01 .5577E+00
.9280E+03 .8591E+00 .6178E+00 .3948E-01 .4696E+00
.9290E+03 .8477E+00 .5806E+00 .3656E-01 .4408E+00
.9300E+03 .8521E+00 .5178E+00 .3184E-01 .3924E+00
.9310E+03 .8521E+00 .4778E+00 .2913E-01 .3618E+00
.9320E+03 .8476E+00 .3910E+00 .2300E-01 .2953E+00
.9330E+03 .8508E+00 .3504E+00 .2009E-01 .2641E+00
.9340E+03 .8487E+00 .2635E+00 .1421E-01 .1977E+00
.9350E+03 .8387E+00 .3454E+00 .2000E-01 .2605E+00
.9360E+03 .8346E+00 .2568E+00 .1413E-01 .1929E+00
.9370E+03 .8405E+00 .2737E+00 .1501E-01 .2056E+00
.9380E+03 .8398E+00 .3146E+00 .1756E-01 .2366E+00
.9390E+03 .8338E+00 .4718E+00 .2834E-01 .3568E+00
.9400E+03 .8240E+00 .5309E+00 .3245E-01 .4021E+00
.9410E+03 .7940E+00 .4451E+00 .2638E-01 .3363E+00
.9420E+03 .8105E+00 .4849E+00 .2915E-01 .3668E+00
.9430E+03 .8205E+00 .3710E+00 .2140E-01 .2797E+00
.9440E+03 .8094E+00 .3631E+00 .2109E-01 .2739E+00
.9450E+03 .8176E+00 .4529E+00 .2658E-01 .3419E+00
.9460E+03 .8205E+00 .2906E+00 .1594E-01 .2183E+00
.9470E+03 .8223E+00 .4620E+00 .2693E-01 .3486E+00
.9480E+03 .8230E+00 .3645E+00 .2065E-01 .2745E+00
.9490E+03 .8223E+00 .5754E+00 .3470E-01 .4353E+00
.9500E+03 .8165E+00 .2582E+00 .1361E-01 .1934E+00
.9510E+03 .8120E+00 .5578E+00 .3344E-01 .4218E+00
.9520E+03 .8127E+00 .3730E+00 .2087E-01 .2806E+00
.9530E+03 .8053E+00 .4288E+00 .2449E-01 .3230E+00
.9540E+03 .7807E+00 .4746E+00 .2777E-01 .3582E+00
.9550E+03 .7675E+00 .4364E+00 .2515E-01 .3290E+00
.9560E+03 .7999E+00 .4051E+00 .2289E-01 .3049E+00
.9570E+03 .7937E+00 .3737E+00 .2066E-01 .2808E+00
.9580E+03 .8023E+00 .4985E+00 .2928E-01 .3764E+00
.9590E+03 .8031E+00 .4498E+00 .2570E-01 .3389E+00
.9600E+03 .7918E+00 .4890E+00 .2815E-01 .3686E+00
.9610E+03 .7956E+00 .5152E+00 .3000E-01 .3887E+00
.9620E+03 .7888E+00 .4989E+00 .2888E-01 .3763E+00
.9630E+03 .7849E+00 .5427E+00 .3189E-01 .4097E+00
.9640E+03 .7846E+00 .5088E+00 .2952E-01 .3837E+00
.9650E+03 .7815E+00 .5326E+00 .3116E-01 .4020E+00
.9660E+03 .7752E+00 .5406E+00 .3167E-01 .4081E+00
.9670E+03 .7819E+00 .5450E+00 .3187E-01 .4113E+00
.9680E+03 .7808E+00 .6332E+00 .3820E-01 .4790E+00
.9690E+03 .7803E+00 .6564E+00 .3962E-01 .4967E+00
.9700E+03 .7795E+00 .6242E+00 .3733E-01 .4719E+00
.9710E+03 .7771E+00 .6741E+00 .4089E-01 .5102E+00
.9720E+03 .7789E+00 .6538E+00 .3936E-01 .4946E+00
.9730E+03 .7707E+00 .6073E+00 .3593E-01 .4588E+00
.9740E+03 .7612E+00 .5826E+00 .3415E-01 .4398E+00
.9750E+03 .7705E+00 .5935E+00 .3495E-01 .4482E+00
.9760E+03 .7662E+00 .5820E+00 .3400E-01 .4392E+00
.9770E+03 .7645E+00 .6227E+00 .3689E-01 .4704E+00
.9780E+03 .7634E+00 .6059E+00 .3558E-01 .4574E+00
.9790E+03 .7569E+00 .6230E+00 .3677E-01 .4705E+00
.9800E+03 .7608E+00 .5977E+00 .3495E-01 .4511E+00
.9810E+03 .7650E+00 .6664E+00 .3963E-01 .5037E+00
.9820E+03 .7624E+00 .6486E+00 .3827E-01 .4899E+00
.9830E+03 .7568E+00 .6303E+00 .3694E-01 .4758E+00
.9840E+03 .7558E+00 .6728E+00 .4001E-01 .5084E+00
.9850E+03 .7564E+00 .6447E+00 .3784E-01 .4867E+00
.9860E+03 .7508E+00 .6780E+00 .4032E-01 .5124E+00
.9870E+03 .7493E+00 .6712E+00 .3974E-01 .5071E+00
.9880E+03 .7503E+00 .6706E+00 .3961E-01 .5065E+00
.9890E+03 .7385E+00 .6713E+00 .3977E-01 .5072E+00
.9900E+03 .7416E+00 .6654E+00 .3919E-01 .5025E+00
.9910E+03 .7429E+00 .6743E+00 .3977E-01 .5093E+00
.9920E+03 .7452E+00 .6774E+00 .3990E-01 .5115E+00
.9930E+03 .7432E+00 .6696E+00 .3927E-01 .5055E+00
.9940E+03 .7432E+00 .6765E+00 .3972E-01 .5107E+00
.9950E+03 .7399E+00 .6746E+00 .3956E-01 .5092E+00
.9960E+03 .7393E+00 .6731E+00 .3939E-01 .5081E+00
.9970E+03 .7390E+00 .6735E+00 .3936E-01 .5083E+00
.9980E+03 .7365E+00 .6707E+00 .3912E-01 .5061E+00
.9990E+03 .7331E+00 .6682E+00 .3891E-01 .5041E+00
.1000E+04 .7321E+00 .6655E+00 .3866E-01 .5020E+00
.1001E+04 .7366E+00 .6717E+00 .3898E-01 .5067E+00
.1002E+04 .7334E+00 .6609E+00 .3817E-01 .4984E+00
.1003E+04 .7247E+00 .6605E+00 .3820E-01 .4981E+00
.1004E+04 .7114E+00 .6464E+00 .3729E-01 .4873E+00
.1005E+04 .6792E+00 .6201E+00 .3576E-01 .4675E+00
.1006E+04 .7091E+00 .6459E+00 .3716E-01 .4869E+00
.1007E+04 .7222E+00 .6588E+00 .3785E-01 .4965E+00
.1008E+04 .7217E+00 .6569E+00 .3766E-01 .4950E+00
.1009E+04 .7213E+00 .6549E+00 .3746E-01 .4934E+00
.1010E+04 .7202E+00 .6531E+00 .3728E-01 .4920E+00
.1011E+04 .7181E+00 .6556E+00 .3743E-01 .4939E+00
.1012E+04 .7155E+00 .6516E+00 .3711E-01 .4908E+00
.1013E+04 .7155E+00 .6538E+00 .3721E-01 .4924E+00
.1014E+04 .7105E+00 .6493E+00 .3689E-01 .4889E+00
.1015E+04 .7063E+00 .6454E+00 .3660E-01 .4859E+00
.1016E+04 .7036E+00 .6427E+00 .3639E-01 .4839E+00
.1017E+04 .7058E+00 .6447E+00 .3644E-01 .4853E+00
.1018E+04 .7012E+00 .6414E+00 .3621E-01 .4828E+00
.1019E+04 .6927E+00 .6307E+00 .3550E-01 .4746E+00
.1020E+04 .6985E+00 .6387E+00 .3593E-01 .4806E+00
.1021E+04 .6964E+00 .6374E+00 .3581E-01 .4796E+00
.1022E+04 .6933E+00 .6336E+00 .3552E-01 .4766E+00
.1023E+04 .7013E+00 .6406E+00 .3585E-01 .4819E+00
.1024E+04 .6989E+00 .6355E+00 .3547E-01 .4779E+00
.1025E+04 .6984E+00 .6393E+00 .3568E-01 .4808E+00
.1026E+04 .6970E+00 .6374E+00 .3551E-01 .4793E+00
.1027E+04 .6952E+00 .6359E+00 .3537E-01 .4781E+00
.1028E+04 .6943E+00 .6349E+00 .3526E-01 .4773E+00
.1029E+04 .6866E+00 .6278E+00 .3480E-01 .4719E+00
.1030E+04 .6889E+00 .6310E+00 .3494E-01 .4743E+00
.1031E+04 .6872E+00 .6291E+00 .3477E-01 .4728E+00
.1032E+04 .6844E+00 .6269E+00 .3460E-01 .4711E+00
.1033E+04 .6743E+00 .6176E+00 .3403E-01 .4641E+00
.1034E+04 .6741E+00 .6176E+00 .3398E-01 .4640E+00
.1035E+04 .6762E+00 .6196E+00 .3403E-01 .4654E+00
.1036E+04 .6804E+00 .6232E+00 .3418E-01 .4681E+00
.1037E+04 .6691E+00 .6128E+00 .3355E-01 .4602E+00
.1038E+04 .6723E+00 .6159E+00 .3367E-01 .4625E+00
.1039E+04 .6723E+00 .6158E+00 .3360E-01 .4624E+00
.1040E+04 .6697E+00 .6134E+00 .3342E-01 .4605E+00
.1041E+04 .6729E+00 .6162E+00 .3352E-01 .4626E+00
.1042E+04 .6683E+00 .6121E+00 .3324E-01 .4594E+00
.1043E+04 .6665E+00 .6104E+00 .3309E-01 .4581E+00
.1044E+04 .6692E+00 .6127E+00 .3316E-01 .4598E+00
.1045E+04 .6605E+00 .6047E+00 .3267E-01 .4537E+00
.1046E+04 .6535E+00 .5982E+00 .3227E-01 .4488E+00
.1047E+04 .6599E+00 .6039E+00 .3252E-01 .4530E+00
.1048E+04 .6640E+00 .6075E+00 .3266E-01 .4556E+00
.1049E+04 .6621E+00 .6053E+00 .3248E-01 .4539E+00
.1050E+04 .6596E+00 .6027E+00 .3229E-01 .4519E+00
