Wvlgth Extraterrestrial_spectrm Direct_normal_irradiance Difuse_horizn_irradiance Global_horizn_irradiance
.2800E+03 .7861E-01 .8110E-36 .1399E-19 .1399E-19
.2805E+03 .1025E+00 .1691E-33 .3678E-18 .3678E-18
.2810E+03 .1719E+00 .1989E-32 .1923E-17 .1923E-17
.2815E+03 .2415E+00 .3777E-30 .8244E-18 .8244E-18
.2820E+03 .2922E+00 .9628E-29 .3591E-17 .3591E-17
.2825E+03 .3148E+00 .8055E-28 .1010E-16 .1010E-16
.2830E+03 .3436E+00 .8360E-27 .3341E-16 .3341E-16
.2835E+03 .3229E+00 .2398E-26 .5450E-16 .5450E-16
.2840E+03 .3217E+00 .3901E-24 .7935E-15 .7935E-15
.2845E+03 .2519E+00 .3328E-23 .2295E-14 .2295E-14
.2850E+03 .1187E+00 .2001E-22 .3326E-14 .3326E-14
.2855E+03 .1380E+00 .4629E-21 .1644E-13 .1644E-13
.2860E+03 .3012E+00 .3464E-20 .6576E-13 .6576E-13
.2865E+03 .3588E+00 .4948E-19 .2796E-12 .2796E-12
.2870E+03 .3785E+00 .3302E-18 .7680E-12 .7680E-12
.2875E+03 .3789E+00 .3625E-17 .2735E-11 .2735E-11
.2880E+03 .2509E+00 .4960E-16 .6667E-11 .6667E-11
.2885E+03 .3595E+00 .3627E-15 .2099E-10 .2099E-10
.2890E+03 .4209E+00 .2236E-14 .5608E-10 .5608E-10
.2895E+03 .4921E+00 .1636E-13 .1668E-09 .1668E-09
.2900E+03 .6189E+00 .9143E-13 .4511E-09 .4511E-09
.2905E+03 .6472E+00 .3370E-12 .9020E-09 .9022E-09
.2910E+03 .6109E+00 .1438E-11 .1873E-08 .1874E-08
.2915E+03 .6032E+00 .9557E-11 .4444E-08 .4448E-08
.2920E+03 .5739E+00 .4318E-10 .1032E-07 .1034E-07
.2925E+03 .4975E+00 .9094E-10 .1469E-07 .1473E-07
.2930E+03 .5683E+00 .3193E-09 .3165E-07 .3179E-07
.2935E+03 .5771E+00 .1497E-08 .7709E-07 .7774E-07
.2940E+03 .5049E+00 .3735E-08 .1216E-06 .1232E-06
.2945E+03 .5445E+00 .8841E-08 .2036E-06 .2075E-06
.2950E+03 .5170E+00 .2239E-07 .3420E-06 .3518E-06
.2955E+03 .5832E+00 .8481E-07 .7683E-06 .8053E-06
.2960E+03 .6222E+00 .2099E-06 .1459E-05 .1551E-05
.2965E+03 .4936E+00 .3688E-06 .2045E-05 .2206E-05
.2970E+03 .4249E+00 .5943E-06 .2775E-05 .3035E-05
.2975E+03 .5988E+00 .2013E-05 .7542E-05 .8420E-05
.2980E+03 .5588E+00 .3830E-05 .1218E-04 .1385E-04
.2985E+03 .3795E+00 .4419E-05 .1257E-04 .1449E-04
.2990E+03 .5778E+00 .1101E-04 .2854E-04 .3335E-04
.2995E+03 .5224E+00 .2165E-04 .5046E-04 .5991E-04
.3000E+03 .4174E+00 .2711E-04 .6067E-04 .7249E-04
.3005E+03 .4400E+00 .4252E-04 .9357E-04 .1121E-03
.3010E+03 .4949E+00 .8518E-04 .1942E-03 .2314E-03
.3015E+03 .5305E+00 .1464E-03 .3566E-03 .4205E-03
.3020E+03 .3750E+00 .1306E-03 .2953E-03 .3523E-03
.3025E+03 .5448E+00 .2839E-03 .5698E-03 .6936E-03
.3030E+03 .6780E+00 .5772E-03 .1008E-02 .1260E-02
.3035E+03 .6899E+00 .7796E-03 .1326E-02 .1667E-02
.3040E+03 .5782E+00 .7534E-03 .1261E-02 .1590E-02
.3045E+03 .6494E+00 .1171E-02 .1930E-02 .2441E-02
.3050E+03 .6742E+00 .1852E-02 .3037E-02 .3845E-02
.3055E+03 .6136E+00 .2179E-02 .3574E-02 .4525E-02
.3060E+03 .5433E+00 .2149E-02 .3502E-02 .4440E-02
.3065E+03 .5868E+00 .2725E-02 .4439E-02 .5628E-02
.3070E+03 .6455E+00 .4113E-02 .6837E-02 .8632E-02
.3075E+03 .6528E+00 .5540E-02 .9460E-02 .1188E-01
.3080E+03 .6576E+00 .5937E-02 .1009E-01 .1268E-01
.3085E+03 .6815E+00 .7076E-02 .1319E-01 .1628E-01
.3090E+03 .5630E+00 .6529E-02 .1177E-01 .1462E-01
.3095E+03 .5143E+00 .7997E-02 .1350E-01 .1699E-01
.3100E+03 .4657E+00 .8311E-02 .1359E-01 .1722E-01
.3105E+03 .7158E+00 .1377E-01 .2206E-01 .2807E-01
.3110E+03 .8252E+00 .1773E-01 .2771E-01 .3545E-01
.3115E+03 .7658E+00 .1741E-01 .2674E-01 .3434E-01
.3120E+03 .6430E+00 .1805E-01 .2688E-01 .3476E-01
.3125E+03 .6979E+00 .2251E-01 .3286E-01 .4268E-01
.3130E+03 .7124E+00 .2485E-01 .3575E-01 .4659E-01
.3135E+03 .7266E+00 .2425E-01 .3458E-01 .4516E-01
.3140E+03 .7946E+00 .3093E-01 .4339E-01 .5689E-01
.3145E+03 .5939E+00 .2797E-01 .3887E-01 .5107E-01
.3150E+03 .7551E+00 .3723E-01 .5121E-01 .6745E-01
.3155E+03 .6813E+00 .3137E-01 .4253E-01 .5622E-01
.3160E+03 .5190E+00 .2777E-01 .3743E-01 .4955E-01
.3165E+03 .6641E+00 .4026E-01 .5418E-01 .7175E-01
.3170E+03 .8240E+00 .5043E-01 .6714E-01 .8915E-01
.3175E+03 .8815E+00 .5298E-01 .6954E-01 .9265E-01
.3180E+03 .6354E+00 .4165E-01 .5449E-01 .7266E-01
.3185E+03 .6833E+00 .5189E-01 .6854E-01 .9119E-01
.3190E+03 .7545E+00 .6186E-01 .8189E-01 .1089E+00
.3195E+03 .6842E+00 .5123E-01 .6575E-01 .8810E-01
.3200E+03 .8379E+00 .6242E-01 .7904E-01 .1063E+00
.3205E+03 .9094E+00 .7801E-01 .1002E+00 .1343E+00
.3210E+03 .7165E+00 .6914E-01 .9058E-01 .1207E+00
.3215E+03 .6762E+00 .6680E-01 .8689E-01 .1160E+00
.3220E+03 .8162E+00 .7282E-01 .9076E-01 .1225E+00
.3225E+03 .7027E+00 .6375E-01 .7872E-01 .1065E+00
.3230E+03 .6411E+00 .6339E-01 .7904E-01 .1067E+00
.3235E+03 .6842E+00 .7705E-01 .9740E-01 .1310E+00
.3240E+03 .7827E+00 .9064E-01 .1136E+00 .1532E+00
.3245E+03 .8280E+00 .9287E-01 .1148E+00 .1553E+00
.3250E+03 .7855E+00 .8212E-01 .9876E-01 .1346E+00
.3255E+03 .9429E+00 .1053E+00 .1275E+00 .1735E+00
.3260E+03 .1054E+01 .1285E+00 .1549E+00 .2110E+00
.3265E+03 .9987E+00 .1291E+00 .1555E+00 .2119E+00
.3270E+03 .1011E+01 .1300E+00 .1544E+00 .2111E+00
.3275E+03 .9978E+00 .1267E+00 .1484E+00 .2037E+00
.3280E+03 .9548E+00 .1139E+00 .1311E+00 .1808E+00
.3285E+03 .9150E+00 .1200E+00 .1381E+00 .1905E+00
.3290E+03 .1026E+01 .1435E+00 .1662E+00 .2288E+00
.3295E+03 .1141E+01 .1635E+00 .1887E+00 .2601E+00
.3300E+03 .1164E+01 .1666E+00 .1895E+00 .2622E+00
.3305E+03 .9744E+00 .1351E+00 .1503E+00 .2092E+00
.3310E+03 .1007E+01 .1388E+00 .1523E+00 .2129E+00
.3315E+03 .9834E+00 .1414E+00 .1550E+00 .2167E+00
.3320E+03 .1008E+01 .1527E+00 .1683E+00 .2349E+00
.3325E+03 .9740E+00 .1513E+00 .1667E+00 .2328E+00
.3330E+03 .9809E+00 .1523E+00 .1654E+00 .2319E+00
.3335E+03 .9182E+00 .1396E+00 .1484E+00 .2093E+00
.3340E+03 .9435E+00 .1440E+00 .1513E+00 .2142E+00
.3345E+03 .1042E+01 .1660E+00 .1753E+00 .2477E+00
.3350E+03 .9556E+00 .1562E+00 .1651E+00 .2332E+00
.3355E+03 .1074E+01 .1787E+00 .1947E+00 .2726E+00
.3360E+03 .7410E+00 .1243E+00 .1343E+00 .1886E+00
.3365E+03 .9067E+00 .1510E+00 .1546E+00 .2205E+00
.3370E+03 .7541E+00 .1251E+00 .1261E+00 .1807E+00
.3375E+03 .9410E+00 .1567E+00 .1561E+00 .2245E+00
.3380E+03 .8881E+00 .1528E+00 .1529E+00 .2196E+00
.3385E+03 .9923E+00 .1736E+00 .1776E+00 .2534E+00
.3390E+03 .9827E+00 .1739E+00 .1748E+00 .2506E+00
.3395E+03 .9398E+00 .1676E+00 .1681E+00 .2412E+00
.3400E+03 .1135E+01 .2019E+00 .1954E+00 .2835E+00
.3405E+03 .1018E+01 .1829E+00 .1758E+00 .2556E+00
.3410E+03 .9659E+00 .1768E+00 .1719E+00 .2491E+00
.3415E+03 .8897E+00 .1649E+00 .1566E+00 .2286E+00
.3420E+03 .1062E+01 .1985E+00 .1864E+00 .2731E+00
.3425E+03 .9922E+00 .1873E+00 .1739E+00 .2556E+00
.3430E+03 .1086E+01 .2061E+00 .1912E+00 .2812E+00
.3435E+03 .1019E+01 .1943E+00 .1799E+00 .2647E+00
.3440E+03 .7679E+00 .1457E+00 .1392E+00 .2028E+00
.3445E+03 .7530E+00 .1452E+00 .1342E+00 .1975E+00
.3450E+03 .1000E+01 .1958E+00 .1759E+00 .2613E+00
.3455E+03 .1020E+01 .2018E+00 .1787E+00 .2668E+00
.3460E+03 .8657E+00 .1728E+00 .1513E+00 .2267E+00
.3465E+03 .9785E+00 .1970E+00 .1707E+00 .2566E+00
.3470E+03 .1046E+01 .2118E+00 .1830E+00 .2754E+00
.3475E+03 .8430E+00 .1718E+00 .1476E+00 .2226E+00
.3480E+03 .9616E+00 .1978E+00 .1675E+00 .2538E+00
.3485E+03 .9610E+00 .1991E+00 .1668E+00 .2536E+00
.3490E+03 .8893E+00 .1858E+00 .1542E+00 .2353E+00
.3495E+03 .8777E+00 .1849E+00 .1523E+00 .2330E+00
.3500E+03 .1083E+01 .2299E+00 .1878E+00 .2881E+00
.3505E+03 .1140E+01 .2435E+00 .1976E+00 .3038E+00
.3510E+03 .1016E+01 .2181E+00 .1761E+00 .2713E+00
.3515E+03 .9827E+00 .2118E+00 .1712E+00 .2637E+00
.3520E+03 .1055E+01 .2295E+00 .1831E+00 .2832E+00
.3525E+03 .8226E+00 .1804E+00 .1423E+00 .2210E+00
.3530E+03 .1034E+01 .2286E+00 .1786E+00 .2783E+00
.3535E+03 .1104E+01 .2454E+00 .1902E+00 .2973E+00
.3540E+03 .1145E+01 .2558E+00 .1967E+00 .3083E+00
.3545E+03 .1160E+01 .2607E+00 .1991E+00 .3129E+00
.3550E+03 .1154E+01 .2611E+00 .1981E+00 .3120E+00
.3555E+03 .1040E+01 .2373E+00 .1786E+00 .2821E+00
.3560E+03 .1086E+01 .2498E+00 .1865E+00 .2954E+00
.3565E+03 .9264E+00 .2143E+00 .1588E+00 .2523E+00
.3570E+03 .7650E+00 .1778E+00 .1310E+00 .2085E+00
.3575E+03 .9356E+00 .2187E+00 .1599E+00 .2554E+00
.3580E+03 .7405E+00 .1742E+00 .1265E+00 .2025E+00
.3585E+03 .6321E+00 .1496E+00 .1078E+00 .1731E+00
.3590E+03 .8832E+00 .2102E+00 .1505E+00 .2422E+00
.3595E+03 .1124E+01 .2688E+00 .1915E+00 .3088E+00
.3600E+03 .1190E+01 .2863E+00 .2025E+00 .3274E+00
.3605E+03 .9503E+00 .2299E+00 .1614E+00 .2617E+00
.3610E+03 .8644E+00 .2104E+00 .1467E+00 .2385E+00
.3615E+03 .9916E+00 .2433E+00 .1683E+00 .2745E+00
.3620E+03 .8543E+00 .2112E+00 .1451E+00 .2372E+00
.3625E+03 .1178E+01 .2934E+00 .2001E+00 .3281E+00
.3630E+03 .1055E+01 .2645E+00 .1792E+00 .2946E+00
.3635E+03 .9691E+00 .2446E+00 .1646E+00 .2713E+00
.3640E+03 .1182E+01 .3002E+00 .2007E+00 .3317E+00
.3645E+03 .1009E+01 .2575E+00 .1710E+00 .2834E+00
.3650E+03 .1026E+01 .2633E+00 .1737E+00 .2886E+00
.3655E+03 .1286E+01 .3317E+00 .2175E+00 .3622E+00
.3660E+03 .1359E+01 .3529E+00 .2298E+00 .3838E+00
.3665E+03 .1273E+01 .3328E+00 .2153E+00 .3605E+00
.3670E+03 .1238E+01 .3252E+00 .2091E+00 .3510E+00
.3675E+03 .1284E+01 .3385E+00 .2163E+00 .3640E+00
.3680E+03 .1121E+01 .2972E+00 .1887E+00 .3184E+00
.3685E+03 .1129E+01 .3011E+00 .1900E+00 .3214E+00
.3690E+03 .1217E+01 .3266E+00 .2047E+00 .3472E+00
.3695E+03 .1296E+01 .3496E+00 .2178E+00 .3703E+00
.3700E+03 .1379E+01 .3744E+00 .2317E+00 .3950E+00
.3705E+03 .1068E+01 .2917E+00 .1794E+00 .3067E+00
.3710E+03 .1139E+01 .3129E+00 .1913E+00 .3278E+00
.3715E+03 .1424E+01 .3929E+00 .2387E+00 .4101E+00
.3720E+03 .9440E+00 .2617E+00 .1580E+00 .2722E+00
.3725E+03 .1130E+01 .3149E+00 .1890E+00 .3264E+00
.3730E+03 .1147E+01 .3216E+00 .1918E+00 .3321E+00
.3735E+03 .7451E+00 .2100E+00 .1245E+00 .2161E+00
.3740E+03 .1081E+01 .3062E+00 .1805E+00 .3141E+00
.3745E+03 .8936E+00 .2545E+00 .1491E+00 .2602E+00
.3750E+03 .8677E+00 .2483E+00 .1446E+00 .2529E+00
.3755E+03 .1295E+01 .3719E+00 .2154E+00 .3776E+00
.3760E+03 .1072E+01 .3094E+00 .1781E+00 .3131E+00
.3765E+03 .1110E+01 .3217E+00 .1841E+00 .3245E+00
.3770E+03 .1173E+01 .3419E+00 .1945E+00 .3437E+00
.3775E+03 .1371E+01 .4015E+00 .2271E+00 .4023E+00
.3780E+03 .1485E+01 .4368E+00 .2457E+00 .4363E+00
.3785E+03 .1403E+01 .4143E+00 .2317E+00 .4125E+00
.3790E+03 .1157E+01 .3431E+00 .1909E+00 .3406E+00
.3795E+03 .1057E+01 .3145E+00 .1740E+00 .3112E+00
.3800E+03 .1098E+01 .3280E+00 .1805E+00 .3236E+00
.3805E+03 .1328E+01 .3987E+00 .2181E+00 .3920E+00
.3810E+03 .1328E+01 .4008E+00 .2180E+00 .3929E+00
.3815E+03 .1050E+01 .3187E+00 .1723E+00 .3114E+00
.3820E+03 .9306E+00 .2839E+00 .1526E+00 .2765E+00
.3825E+03 .7914E+00 .2428E+00 .1298E+00 .2357E+00
.3830E+03 .7314E+00 .2255E+00 .1198E+00 .2182E+00
.3835E+03 .7034E+00 .2178E+00 .1151E+00 .2102E+00
.3840E+03 .7749E+00 .2410E+00 .1267E+00 .2318E+00
.3845E+03 .1138E+01 .3555E+00 .1859E+00 .3410E+00
.3850E+03 .1127E+01 .3537E+00 .1839E+00 .3382E+00
.3855E+03 .1048E+01 .3305E+00 .1709E+00 .3151E+00
.3860E+03 .8963E+00 .2840E+00 .1461E+00 .2700E+00
.3865E+03 .1175E+01 .3744E+00 .1914E+00 .3548E+00
.3870E+03 .9759E+00 .3121E+00 .1587E+00 .2949E+00
.3875E+03 .1095E+01 .3516E+00 .1779E+00 .3313E+00
.3880E+03 .1010E+01 .3256E+00 .1639E+00 .3060E+00
.3885E+03 .9968E+00 .3229E+00 .1617E+00 .3026E+00
.3890E+03 .1075E+01 .3496E+00 .1741E+00 .3267E+00
.3895E+03 .1301E+01 .4248E+00 .2104E+00 .3958E+00
.3900E+03 .1304E+01 .4276E+00 .2107E+00 .3973E+00
.3905E+03 .1198E+01 .3947E+00 .1935E+00 .3657E+00
.3910E+03 .1409E+01 .4660E+00 .2272E+00 .4306E+00
.3915E+03 .1436E+01 .4767E+00 .2313E+00 .4392E+00
.3920E+03 .1208E+01 .4026E+00 .1944E+00 .3700E+00
.3925E+03 .1080E+01 .3616E+00 .1736E+00 .3314E+00
.3930E+03 .6001E+00 .2018E+00 .9639E-01 .1844E+00
.3935E+03 .4355E+00 .1471E+00 .6991E-01 .1341E+00
.3940E+03 .8854E+00 .3002E+00 .1419E+00 .2729E+00
.3945E+03 .1124E+01 .3827E+00 .1800E+00 .3471E+00
.3950E+03 .1371E+01 .4682E+00 .2192E+00 .4235E+00
.3955E+03 .1392E+01 .4768E+00 .2221E+00 .4302E+00
.3960E+03 .1205E+01 .4146E+00 .1922E+00 .3731E+00
.3965E+03 .7033E+00 .2431E+00 .1121E+00 .2182E+00
.3970E+03 .5271E+00 .1830E+00 .8394E-01 .1638E+00
.3975E+03 .1071E+01 .3731E+00 .1703E+00 .3331E+00
.3980E+03 .1500E+01 .5237E+00 .2380E+00 .4665E+00
.3985E+03 .1549E+01 .5427E+00 .2454E+00 .4822E+00
.3990E+03 .1673E+01 .5894E+00 .2652E+00 .5224E+00
.3995E+03 .1666E+01 .5890E+00 .2637E+00 .5207E+00
.4000E+03 .1730E+01 .6130E+00 .2732E+00 .5407E+00
.4010E+03 .1772E+01 .6328E+00 .2808E+00 .5569E+00
.4020E+03 .1865E+01 .6712E+00 .2950E+00 .5879E+00
.4030E+03 .1766E+01 .6409E+00 .2790E+00 .5587E+00
.4040E+03 .1736E+01 .6339E+00 .2736E+00 .5502E+00
.4050E+03 .1733E+01 .6367E+00 .2723E+00 .5501E+00
.4060E+03 .1700E+01 .6296E+00 .2667E+00 .5414E+00
.4070E+03 .1668E+01 .6225E+00 .2613E+00 .5330E+00
.4080E+03 .1732E+01 .6495E+00 .2703E+00 .5537E+00
.4090E+03 .1851E+01 .6983E+00 .2880E+00 .5927E+00
.4100E+03 .1613E+01 .6128E+00 .2505E+00 .5179E+00
.4110E+03 .1743E+01 .6667E+00 .2702E+00 .5611E+00
.4120E+03 .1867E+01 .7193E+00 .2889E+00 .6027E+00
.4130E+03 .1820E+01 .7041E+00 .2805E+00 .5878E+00
.4140E+03 .1838E+01 .7161E+00 .2828E+00 .5953E+00
.4150E+03 .1838E+01 .7209E+00 .2822E+00 .5968E+00
.4160E+03 .1865E+01 .7369E+00 .2860E+00 .6075E+00
.4170E+03 .1817E+01 .7218E+00 .2777E+00 .5927E+00
.4180E+03 .1780E+01 .7114E+00 .2715E+00 .5819E+00
.4190E+03 .1801E+01 .7236E+00 .2739E+00 .5896E+00
.4200E+03 .1790E+01 .7233E+00 .2716E+00 .5872E+00
.4210E+03 .1870E+01 .7598E+00 .2829E+00 .6145E+00
.4220E+03 .1774E+01 .7250E+00 .2677E+00 .5841E+00
.4230E+03 .1730E+01 .7110E+00 .2604E+00 .5706E+00
.4240E+03 .1829E+01 .7549E+00 .2742E+00 .6036E+00
.4250E+03 .1822E+01 .7567E+00 .2726E+00 .6028E+00
.4260E+03 .1768E+01 .7399E+00 .2643E+00 .5872E+00
.4270E+03 .1733E+01 .7285E+00 .2583E+00 .5762E+00
.4280E+03 .1687E+01 .7121E+00 .2507E+00 .5614E+00
.4290E+03 .1593E+01 .6772E+00 .2365E+00 .5320E+00
.4300E+03 .1392E+01 .5947E+00 .2061E+00 .4655E+00
.4310E+03 .1380E+01 .5914E+00 .2034E+00 .4615E+00
.4320E+03 .1776E+01 .7666E+00 .2615E+00 .5960E+00
.4330E+03 .1783E+01 .7735E+00 .2618E+00 .5993E+00
.4340E+03 .1655E+01 .7206E+00 .2422E+00 .5566E+00
.4350E+03 .1728E+01 .7549E+00 .2519E+00 .5813E+00
.4360E+03 .1942E+01 .8536E+00 .2827E+00 .6552E+00
.4370E+03 .1910E+01 .8450E+00 .2776E+00 .6463E+00
.4380E+03 .1735E+01 .7720E+00 .2516E+00 .5885E+00
.4390E+03 .1799E+01 .8004E+00 .2591E+00 .6083E+00
.4400E+03 .1852E+01 .8287E+00 .2661E+00 .6277E+00
.4410E+03 .1914E+01 .8621E+00 .2745E+00 .6507E+00
.4420E+03 .2050E+01 .9276E+00 .2931E+00 .6979E+00
.4430E+03 .1999E+01 .9067E+00 .2846E+00 .6803E+00
.4440E+03 .2038E+01 .9287E+00 .2895E+00 .6947E+00
.4450E+03 .1995E+01 .9111E+00 .2823E+00 .6799E+00
.4460E+03 .1898E+01 .8725E+00 .2685E+00 .6492E+00
.4470E+03 .2046E+01 .9458E+00 .2890E+00 .7017E+00
.4480E+03 .2081E+01 .9628E+00 .2923E+00 .7124E+00
.4490E+03 .2081E+01 .9698E+00 .2920E+00 .7152E+00
.4500E+03 .2135E+01 .1000E+01 .2988E+00 .7352E+00
.4510E+03 .2212E+01 .1040E+01 .3086E+00 .7625E+00
.4520E+03 .2129E+01 .1005E+01 .2962E+00 .7346E+00
.4530E+03 .2000E+01 .9476E+00 .2775E+00 .6910E+00
.4540E+03 .2083E+01 .9920E+00 .2885E+00 .7214E+00
.4550E+03 .2095E+01 .1001E+01 .2890E+00 .7257E+00
.4560E+03 .2142E+01 .1027E+01 .2946E+00 .7429E+00
.4570E+03 .2176E+01 .1047E+01 .2980E+00 .7550E+00
.4580E+03 .2104E+01 .1014E+01 .2865E+00 .7291E+00
.4590E+03 .2090E+01 .1012E+01 .2835E+00 .7250E+00
.4600E+03 .2096E+01 .1017E+01 .2830E+00 .7267E+00
.4610E+03 .2142E+01 .1043E+01 .2881E+00 .7433E+00
.4620E+03 .2154E+01 .1054E+01 .2892E+00 .7490E+00
.4630E+03 .2140E+01 .1049E+01 .2862E+00 .7438E+00
.4640E+03 .2099E+01 .1034E+01 .2805E+00 .7316E+00
.4650E+03 .2067E+01 .1023E+01 .2761E+00 .7226E+00
.4660E+03 .2083E+01 .1036E+01 .2778E+00 .7299E+00
.4670E+03 .2047E+01 .1019E+01 .2717E+00 .7164E+00
.4680E+03 .2070E+01 .1034E+01 .2738E+00 .7249E+00
.4690E+03 .2080E+01 .1042E+01 .2741E+00 .7289E+00
.4700E+03 .2014E+01 .1012E+01 .2643E+00 .7057E+00
.4710E+03 .2010E+01 .1013E+01 .2630E+00 .7049E+00
.4720E+03 .2118E+01 .1070E+01 .2762E+00 .7429E+00
.4730E+03 .2091E+01 .1059E+01 .2717E+00 .7337E+00
.4740E+03 .2098E+01 .1062E+01 .2712E+00 .7348E+00
.4750E+03 .2120E+01 .1075E+01 .2726E+00 .7416E+00
.4760E+03 .2062E+01 .1046E+01 .2635E+00 .7200E+00
.4770E+03 .2071E+01 .1052E+01 .2632E+00 .7222E+00
.4780E+03 .2125E+01 .1083E+01 .2689E+00 .7415E+00
.4790E+03 .2107E+01 .1078E+01 .2654E+00 .7358E+00
.4800E+03 .2106E+01 .1081E+01 .2642E+00 .7360E+00
.4810E+03 .2139E+01 .1103E+01 .2675E+00 .7489E+00
.4820E+03 .2144E+01 .1111E+01 .2675E+00 .7523E+00
.4830E+03 .2112E+01 .1099E+01 .2632E+00 .7430E+00
.4840E+03 .2066E+01 .1079E+01 .2571E+00 .7279E+00
.4850E+03 .1966E+01 .1030E+01 .2443E+00 .6937E+00
.4860E+03 .1715E+01 .9020E+00 .2129E+00 .6065E+00
.4870E+03 .1794E+01 .9472E+00 .2224E+00 .6357E+00
.4880E+03 .1969E+01 .1041E+01 .2431E+00 .6972E+00
.4890E+03 .1977E+01 .1046E+01 .2429E+00 .6994E+00
.4900E+03 .2076E+01 .1103E+01 .2544E+00 .7356E+00
.4910E+03 .2037E+01 .1086E+01 .2490E+00 .7229E+00
.4920E+03 .1923E+01 .1028E+01 .2343E+00 .6826E+00
.4930E+03 .1985E+01 .1063E+01 .2411E+00 .7050E+00
.4940E+03 .2004E+01 .1075E+01 .2426E+00 .7119E+00
.4950E+03 .2020E+01 .1086E+01 .2438E+00 .7179E+00
.4960E+03 .2032E+01 .1095E+01 .2443E+00 .7220E+00
.4970E+03 .2063E+01 .1114E+01 .2470E+00 .7332E+00
.4980E+03 .1966E+01 .1064E+01 .2343E+00 .6986E+00
.4990E+03 .1992E+01 .1080E+01 .2361E+00 .7073E+00
.5000E+03 .1936E+01 .1050E+01 .2287E+00 .6870E+00
.5010E+03 .1903E+01 .1033E+01 .2233E+00 .6741E+00
.5020E+03 .1882E+01 .1021E+01 .2190E+00 .6645E+00
.5030E+03 .1965E+01 .1065E+01 .2270E+00 .6917E+00
.5040E+03 .1937E+01 .1043E+01 .2211E+00 .6762E+00
.5050E+03 .1987E+01 .1079E+01 .2271E+00 .6978E+00
.5060E+03 .2052E+01 .1117E+01 .2338E+00 .7210E+00
.5070E+03 .1952E+01 .1065E+01 .2220E+00 .6868E+00
.5080E+03 .1885E+01 .1033E+01 .2144E+00 .6653E+00
.5090E+03 .1933E+01 .1064E+01 .2198E+00 .6839E+00
.5100E+03 .1919E+01 .1059E+01 .2179E+00 .6801E+00
.5110E+03 .1966E+01 .1089E+01 .2229E+00 .6981E+00
.5120E+03 .1985E+01 .1103E+01 .2246E+00 .7057E+00
.5130E+03 .1878E+01 .1046E+01 .2120E+00 .6685E+00
.5140E+03 .1863E+01 .1041E+01 .2097E+00 .6637E+00
.5150E+03 .1844E+01 .1032E+01 .2068E+00 .6572E+00
.5160E+03 .1840E+01 .1032E+01 .2057E+00 .6558E+00
.5170E+03 .1633E+01 .9182E+00 .1821E+00 .5827E+00
.5180E+03 .1717E+01 .9671E+00 .1908E+00 .6128E+00
.5190E+03 .1802E+01 .1016E+01 .1994E+00 .6427E+00
.5200E+03 .1868E+01 .1054E+01 .2059E+00 .6659E+00
.5210E+03 .1886E+01 .1066E+01 .2070E+00 .6721E+00
.5220E+03 .1889E+01 .1068E+01 .2064E+00 .6725E+00
.5230E+03 .1856E+01 .1051E+01 .2020E+00 .6607E+00
.5240E+03 .1925E+01 .1091E+01 .2083E+00 .6844E+00
.5250E+03 .1952E+01 .1106E+01 .2098E+00 .6922E+00
.5260E+03 .1866E+01 .1058E+01 .1994E+00 .6609E+00
.5270E+03 .1761E+01 .9981E+00 .1870E+00 .6225E+00
.5280E+03 .1866E+01 .1057E+01 .1968E+00 .6578E+00
.5290E+03 .1969E+01 .1115E+01 .2064E+00 .6928E+00
.5300E+03 .1942E+01 .1101E+01 .2025E+00 .6827E+00
.5310E+03 .1972E+01 .1119E+01 .2046E+00 .6928E+00
.5320E+03 .1905E+01 .1082E+01 .1967E+00 .6690E+00
.5330E+03 .1849E+01 .1052E+01 .1902E+00 .6494E+00
.5340E+03 .1902E+01 .1085E+01 .1951E+00 .6686E+00
.5350E+03 .1941E+01 .1110E+01 .1986E+00 .6829E+00
.5360E+03 .1957E+01 .1121E+01 .1997E+00 .6889E+00
.5370E+03 .1878E+01 .1078E+01 .1911E+00 .6617E+00
.5380E+03 .1910E+01 .1099E+01 .1938E+00 .6735E+00
.5390E+03 .1894E+01 .1092E+01 .1915E+00 .6682E+00
.5400E+03 .1817E+01 .1049E+01 .1829E+00 .6406E+00
.5410E+03 .1835E+01 .1059E+01 .1836E+00 .6454E+00
.5420E+03 .1895E+01 .1093E+01 .1885E+00 .6656E+00
.5430E+03 .1870E+01 .1083E+01 .1855E+00 .6581E+00
.5440E+03 .1907E+01 .1104E+01 .1880E+00 .6697E+00
.5450E+03 .1900E+01 .1101E+01 .1865E+00 .6669E+00
.5460E+03 .1913E+01 .1107E+01 .1866E+00 .6695E+00
.5470E+03 .1908E+01 .1106E+01 .1854E+00 .6679E+00
.5480E+03 .1883E+01 .1093E+01 .1823E+00 .6594E+00
.5490E+03 .1887E+01 .1099E+01 .1821E+00 .6615E+00
.5500E+03 .1909E+01 .1114E+01 .1837E+00 .6698E+00
.5510E+03 .1885E+01 .1102E+01 .1807E+00 .6617E+00
.5520E+03 .1898E+01 .1111E+01 .1812E+00 .6662E+00
.5530E+03 .1865E+01 .1093E+01 .1772E+00 .6540E+00
.5540E+03 .1910E+01 .1120E+01 .1806E+00 .6692E+00
.5550E+03 .1915E+01 .1123E+01 .1801E+00 .6700E+00
.5560E+03 .1891E+01 .1109E+01 .1769E+00 .6609E+00
.5570E+03 .1834E+01 .1076E+01 .1705E+00 .6400E+00
.5580E+03 .1823E+01 .1069E+01 .1683E+00 .6347E+00
.5590E+03 .1791E+01 .1050E+01 .1643E+00 .6223E+00
.5600E+03 .1816E+01 .1065E+01 .1655E+00 .6301E+00
.5610E+03 .1842E+01 .1081E+01 .1669E+00 .6384E+00
.5620E+03 .1832E+01 .1074E+01 .1648E+00 .6336E+00
.5630E+03 .1886E+01 .1105E+01 .1685E+00 .6508E+00
.5640E+03 .1838E+01 .1077E+01 .1632E+00 .6330E+00
.5650E+03 .1825E+01 .1069E+01 .1610E+00 .6274E+00
.5660E+03 .1801E+01 .1055E+01 .1579E+00 .6182E+00
.5670E+03 .1839E+01 .1076E+01 .1602E+00 .6299E+00
.5680E+03 .1833E+01 .1069E+01 .1583E+00 .6250E+00
.5690E+03 .1811E+01 .1049E+01 .1546E+00 .6121E+00
.5700E+03 .1807E+01 .1049E+01 .1536E+00 .6112E+00
.5710E+03 .1789E+01 .1042E+01 .1517E+00 .6065E+00
.5720E+03 .1847E+01 .1071E+01 .1551E+00 .6223E+00
.5730E+03 .1869E+01 .1084E+01 .1562E+00 .6292E+00
.5740E+03 .1866E+01 .1082E+01 .1553E+00 .6274E+00
.5750E+03 .1836E+01 .1064E+01 .1520E+00 .6161E+00
.5760E+03 .1819E+01 .1055E+01 .1501E+00 .6104E+00
.5770E+03 .1837E+01 .1068E+01 .1512E+00 .6171E+00
.5780E+03 .1804E+01 .1052E+01 .1484E+00 .6076E+00
.5790E+03 .1802E+01 .1057E+01 .1483E+00 .6095E+00
.5800E+03 .1822E+01 .1076E+01 .1502E+00 .6199E+00
.5810E+03 .1821E+01 .1082E+01 .1503E+00 .6223E+00
.5820E+03 .1846E+01 .1103E+01 .1525E+00 .6339E+00
.5830E+03 .1843E+01 .1107E+01 .1523E+00 .6354E+00
.5840E+03 .1854E+01 .1118E+01 .1531E+00 .6409E+00
.5850E+03 .1806E+01 .1091E+01 .1488E+00 .6250E+00
.5860E+03 .1768E+01 .1069E+01 .1452E+00 .6118E+00
.5870E+03 .1814E+01 .1093E+01 .1480E+00 .6250E+00
.5880E+03 .1797E+01 .1071E+01 .1447E+00 .6120E+00
.5890E+03 .1649E+01 .9562E+00 .1294E+00 .5467E+00
.5900E+03 .1719E+01 .1001E+01 .1347E+00 .5714E+00
.5910E+03 .1785E+01 .1055E+01 .1409E+00 .6013E+00
.5920E+03 .1783E+01 .1047E+01 .1394E+00 .5962E+00
.5930E+03 .1787E+01 .1059E+01 .1399E+00 .6021E+00
.5940E+03 .1784E+01 .1056E+01 .1388E+00 .5994E+00
.5950E+03 .1755E+01 .1033E+01 .1353E+00 .5861E+00
.5960E+03 .1782E+01 .1068E+01 .1385E+00 .6044E+00
.5970E+03 .1770E+01 .1058E+01 .1366E+00 .5982E+00
.5980E+03 .1754E+01 .1056E+01 .1354E+00 .5963E+00
.5990E+03 .1749E+01 .1058E+01 .1348E+00 .5965E+00
.6000E+03 .1740E+01 .1059E+01 .1341E+00 .5962E+00
.6010E+03 .1718E+01 .1050E+01 .1322E+00 .5901E+00
.6020E+03 .1705E+01 .1042E+01 .1307E+00 .5853E+00
.6030E+03 .1730E+01 .1059E+01 .1322E+00 .5942E+00
.6040E+03 .1757E+01 .1076E+01 .1338E+00 .6033E+00
.6050E+03 .1746E+01 .1072E+01 .1328E+00 .6005E+00
.6060E+03 .1735E+01 .1071E+01 .1321E+00 .5994E+00
.6070E+03 .1748E+01 .1085E+01 .1333E+00 .6068E+00
.6080E+03 .1725E+01 .1076E+01 .1317E+00 .6011E+00
.6090E+03 .1725E+01 .1080E+01 .1318E+00 .6029E+00
.6100E+03 .1709E+01 .1072E+01 .1305E+00 .5983E+00
.6110E+03 .1716E+01 .1080E+01 .1311E+00 .6022E+00
.6120E+03 .1709E+01 .1077E+01 .1305E+00 .6005E+00
.6130E+03 .1686E+01 .1064E+01 .1286E+00 .5931E+00
.6140E+03 .1660E+01 .1051E+01 .1266E+00 .5853E+00
.6150E+03 .1693E+01 .1076E+01 .1292E+00 .5987E+00
.6160E+03 .1635E+01 .1042E+01 .1248E+00 .5795E+00
.6170E+03 .1630E+01 .1041E+01 .1243E+00 .5786E+00
.6180E+03 .1691E+01 .1082E+01 .1288E+00 .6008E+00
.6190E+03 .1673E+01 .1072E+01 .1272E+00 .5949E+00
.6200E+03 .1684E+01 .1078E+01 .1276E+00 .5982E+00
.6210E+03 .1689E+01 .1077E+01 .1273E+00 .5973E+00
.6220E+03 .1673E+01 .1053E+01 .1244E+00 .5837E+00
.6230E+03 .1651E+01 .1025E+01 .1212E+00 .5686E+00
.6240E+03 .1620E+01 .1015E+01 .1194E+00 .5625E+00
.6250E+03 .1616E+01 .1025E+01 .1199E+00 .5671E+00
.6260E+03 .1641E+01 .1044E+01 .1218E+00 .5775E+00
.6270E+03 .1668E+01 .1060E+01 .1233E+00 .5857E+00
.6280E+03 .1666E+01 .9970E+00 .1173E+00 .5523E+00
.6290E+03 .1666E+01 .1041E+01 .1209E+00 .5750E+00
.6300E+03 .1631E+01 .1019E+01 .1181E+00 .5625E+00
.6310E+03 .1632E+01 .1044E+01 .1201E+00 .5755E+00
.6320E+03 .1607E+01 .1036E+01 .1187E+00 .5709E+00
.6330E+03 .1641E+01 .1071E+01 .1220E+00 .5895E+00
.6340E+03 .1614E+01 .1062E+01 .1204E+00 .5838E+00
.6350E+03 .1634E+01 .1079E+01 .1220E+00 .5930E+00
.6360E+03 .1606E+01 .1064E+01 .1199E+00 .5844E+00
.6370E+03 .1628E+01 .1082E+01 .1215E+00 .5934E+00
.6380E+03 .1636E+01 .1092E+01 .1222E+00 .5987E+00
.6390E+03 .1614E+01 .1082E+01 .1207E+00 .5927E+00
.6400E+03 .1594E+01 .1073E+01 .1193E+00 .5876E+00
.6410E+03 .1590E+01 .1074E+01 .1191E+00 .5878E+00
.6420E+03 .1579E+01 .1070E+01 .1182E+00 .5852E+00
.6430E+03 .1600E+01 .1086E+01 .1197E+00 .5935E+00
.6440E+03 .1591E+01 .1083E+01 .1190E+00 .5916E+00
.6450E+03 .1596E+01 .1087E+01 .1191E+00 .5934E+00
.6460E+03 .1572E+01 .1066E+01 .1166E+00 .5819E+00
.6470E+03 .1580E+01 .1060E+01 .1159E+00 .5783E+00
.6480E+03 .1594E+01 .1065E+01 .1162E+00 .5809E+00
.6490E+03 .1563E+01 .1044E+01 .1137E+00 .5693E+00
.6500E+03 .1532E+01 .1044E+01 .1129E+00 .5686E+00
.6510E+03 .1589E+01 .1089E+01 .1173E+00 .5926E+00
.6520E+03 .1571E+01 .1055E+01 .1138E+00 .5740E+00
.6530E+03 .1569E+01 .1077E+01 .1154E+00 .5854E+00
.6540E+03 .1546E+01 .1065E+01 .1137E+00 .5784E+00
.6550E+03 .1512E+01 .1030E+01 .1099E+00 .5592E+00
.6560E+03 .1324E+01 .9104E+00 .9674E-01 .4940E+00
.6570E+03 .1359E+01 .9350E+00 .9907E-01 .5071E+00
.6580E+03 .1512E+01 .1045E+01 .1103E+00 .5664E+00
.6590E+03 .1516E+01 .1048E+01 .1104E+00 .5677E+00
.6600E+03 .1520E+01 .1044E+01 .1098E+00 .5653E+00
.6610E+03 .1530E+01 .1034E+01 .1089E+00 .5601E+00
.6620E+03 .1540E+01 .1023E+01 .1079E+00 .5542E+00
.6630E+03 .1507E+01 .1011E+01 .1062E+00 .5476E+00
.6640E+03 .1515E+01 .1038E+01 .1083E+00 .5614E+00
.6650E+03 .1509E+01 .1048E+01 .1087E+00 .5661E+00
.6660E+03 .1507E+01 .1057E+01 .1092E+00 .5706E+00
.6670E+03 .1502E+01 .1062E+01 .1093E+00 .5729E+00
.6680E+03 .1499E+01 .1066E+01 .1093E+00 .5744E+00
.6690E+03 .1520E+01 .1085E+01 .1108E+00 .5841E+00
.6700E+03 .1512E+01 .1082E+01 .1102E+00 .5821E+00
.6710E+03 .1510E+01 .1082E+01 .1100E+00 .5823E+00
.6720E+03 .1496E+01 .1074E+01 .1089E+00 .5776E+00
.6730E+03 .1517E+01 .1092E+01 .1103E+00 .5866E+00
.6740E+03 .1510E+01 .1089E+01 .1097E+00 .5848E+00
.6750E+03 .1495E+01 .1080E+01 .1086E+00 .5797E+00
.6760E+03 .1504E+01 .1088E+01 .1091E+00 .5837E+00
.6770E+03 .1488E+01 .1077E+01 .1078E+00 .5779E+00
.6780E+03 .1491E+01 .1081E+01 .1079E+00 .5794E+00
.6790E+03 .1466E+01 .1064E+01 .1059E+00 .5702E+00
.6800E+03 .1477E+01 .1074E+01 .1066E+00 .5751E+00
.6810E+03 .1467E+01 .1068E+01 .1058E+00 .5718E+00
.6820E+03 .1465E+01 .1068E+01 .1055E+00 .5716E+00
.6830E+03 .1462E+01 .1067E+01 .1052E+00 .5708E+00
.6840E+03 .1455E+01 .1063E+01 .1045E+00 .5683E+00
.6850E+03 .1466E+01 .1073E+01 .1053E+00 .5735E+00
.6860E+03 .1459E+01 .1068E+01 .1046E+00 .5705E+00
.6870E+03 .1477E+01 .7311E+00 .7821E-01 .3972E+00
.6880E+03 .1460E+01 .8470E+00 .8720E-01 .4568E+00
.6890E+03 .1457E+01 .8505E+00 .8729E-01 .4584E+00
.6900E+03 .1447E+01 .8896E+00 .9009E-01 .4783E+00
.6910E+03 .1436E+01 .9339E+00 .9327E-01 .5008E+00
.6920E+03 .1423E+01 .9687E+00 .9565E-01 .5183E+00
.6930E+03 .1425E+01 .9691E+00 .9562E-01 .5185E+00
.6940E+03 .1429E+01 .9700E+00 .9559E-01 .5189E+00
.6950E+03 .1429E+01 .1004E+01 .9819E-01 .5361E+00
.6960E+03 .1441E+01 .1007E+01 .9854E-01 .5380E+00
.6970E+03 .1435E+01 .1053E+01 .1021E+00 .5614E+00
.6980E+03 .1415E+01 .1038E+01 .1007E+00 .5534E+00
.6990E+03 .1434E+01 .1025E+01 .9992E-01 .5470E+00
.7000E+03 .1416E+01 .1012E+01 .9877E-01 .5406E+00
.7010E+03 .1413E+01 .1006E+01 .9827E-01 .5371E+00
.7020E+03 .1405E+01 .1011E+01 .9857E-01 .5395E+00
.7030E+03 .1411E+01 .1012E+01 .9879E-01 .5405E+00
.7040E+03 .1425E+01 .1039E+01 .1011E+00 .5544E+00
.7050E+03 .1427E+01 .1044E+01 .1015E+00 .5569E+00
.7060E+03 .1413E+01 .1040E+01 .1012E+00 .5551E+00
.7070E+03 .1410E+01 .1042E+01 .1013E+00 .5558E+00
.7080E+03 .1413E+01 .1044E+01 .1016E+00 .5573E+00
.7090E+03 .1399E+01 .1043E+01 .1014E+00 .5565E+00
.7100E+03 .1406E+01 .1045E+01 .1018E+00 .5579E+00
.7110E+03 .1399E+01 .1043E+01 .1016E+00 .5567E+00
.7120E+03 .1388E+01 .1039E+01 .1012E+00 .5547E+00
.7130E+03 .1380E+01 .1031E+01 .1005E+00 .5503E+00
.7140E+03 .1385E+01 .1035E+01 .1010E+00 .5527E+00
.7150E+03 .1359E+01 .1007E+01 .9848E-01 .5381E+00
.7160E+03 .1366E+01 .1011E+01 .9893E-01 .5401E+00
.7170E+03 .1385E+01 .9087E+00 .9074E-01 .4873E+00
.7180E+03 .1363E+01 .8606E+00 .8590E-01 .4614E+00
.7190E+03 .1338E+01 .7972E+00 .7979E-01 .4276E+00
.7200E+03 .1364E+01 .8327E+00 .8362E-01 .4470E+00
.7210E+03 .1349E+01 .8909E+00 .8866E-01 .4774E+00
.7220E+03 .1348E+01 .9855E+00 .9735E-01 .5274E+00
.7230E+03 .1360E+01 .9375E+00 .9306E-01 .5021E+00
.7240E+03 .1349E+01 .8661E+00 .8654E-01 .4645E+00
.7250E+03 .1340E+01 .8589E+00 .8606E-01 .4608E+00
.7260E+03 .1342E+01 .8839E+00 .8885E-01 .4745E+00
.7270E+03 .1351E+01 .8978E+00 .8967E-01 .4814E+00
.7280E+03 .1327E+01 .8527E+00 .8592E-01 .4580E+00
.7290E+03 .1300E+01 .8696E+00 .8711E-01 .4665E+00
.7300E+03 .1332E+01 .9155E+00 .9173E-01 .4912E+00
.7310E+03 .1322E+01 .8796E+00 .8836E-01 .4722E+00
.7320E+03 .1325E+01 .9292E+00 .9281E-01 .4983E+00
.7330E+03 .1321E+01 .9703E+00 .9638E-01 .5198E+00
.7340E+03 .1335E+01 .9903E+00 .9823E-01 .5304E+00
.7350E+03 .1316E+01 .9718E+00 .9641E-01 .5205E+00
.7360E+03 .1310E+01 .9717E+00 .9632E-01 .5203E+00
.7370E+03 .1320E+01 .9762E+00 .9673E-01 .5227E+00
.7380E+03 .1298E+01 .9855E+00 .9725E-01 .5273E+00
.7390E+03 .1275E+01 .9677E+00 .9541E-01 .5177E+00
.7400E+03 .1295E+01 .9901E+00 .9746E-01 .5295E+00
.7410E+03 .1273E+01 .9786E+00 .9616E-01 .5232E+00
.7420E+03 .1267E+01 .9785E+00 .9598E-01 .5230E+00
.7430E+03 .1298E+01 .1003E+01 .9826E-01 .5360E+00
.7440E+03 .1290E+01 .9998E+00 .9776E-01 .5340E+00
.7450E+03 .1287E+01 .9995E+00 .9754E-01 .5337E+00
.7460E+03 .1293E+01 .1005E+01 .9787E-01 .5362E+00
.7470E+03 .1295E+01 .1007E+01 .9793E-01 .5374E+00
.7480E+03 .1292E+01 .1006E+01 .9760E-01 .5364E+00
.7490E+03 .1276E+01 .9947E+00 .9638E-01 .5304E+00
.7500E+03 .1275E+01 .9947E+00 .9623E-01 .5303E+00
.7510E+03 .1262E+01 .9852E+00 .9517E-01 .5251E+00
.7520E+03 .1267E+01 .9900E+00 .9548E-01 .5275E+00
.7530E+03 .1273E+01 .9956E+00 .9586E-01 .5303E+00
.7540E+03 .1276E+01 .9986E+00 .9599E-01 .5317E+00
.7550E+03 .1269E+01 .9936E+00 .9532E-01 .5289E+00
.7560E+03 .1268E+01 .9937E+00 .9513E-01 .5287E+00
.7570E+03 .1270E+01 .9957E+00 .9513E-01 .5296E+00
.7580E+03 .1255E+01 .9840E+00 .9381E-01 .5232E+00
.7590E+03 .1251E+01 .9668E+00 .9214E-01 .5140E+00
.7600E+03 .1251E+01 .1805E+00 .2302E-01 .1018E+00
.7610E+03 .1247E+01 .9855E-01 .1420E-01 .5720E-01
.7620E+03 .1225E+01 .5176E+00 .5379E-01 .2797E+00
.7630E+03 .1248E+01 .2694E+00 .3152E-01 .1491E+00
.7640E+03 .1241E+01 .3962E+00 .4302E-01 .2159E+00
.7650E+03 .1228E+01 .5180E+00 .5346E-01 .2795E+00
.7660E+03 .1178E+01 .6258E+00 .6205E-01 .3351E+00
.7670E+03 .1218E+01 .7797E+00 .7493E-01 .4152E+00
.7680E+03 .1223E+01 .8921E+00 .8390E-01 .4732E+00
.7690E+03 .1211E+01 .9093E+00 .8496E-01 .4817E+00
.7700E+03 .1211E+01 .9387E+00 .8709E-01 .4967E+00
.7710E+03 .1203E+01 .9458E+00 .8736E-01 .5000E+00
.7720E+03 .1200E+01 .9479E+00 .8727E-01 .5009E+00
.7730E+03 .1207E+01 .9549E+00 .8765E-01 .5043E+00
.7740E+03 .1200E+01 .9506E+00 .8700E-01 .5018E+00
.7750E+03 .1190E+01 .9437E+00 .8610E-01 .4979E+00
.7760E+03 .1204E+01 .9556E+00 .8693E-01 .5039E+00
.7770E+03 .1188E+01 .9433E+00 .8557E-01 .4972E+00
.7780E+03 .1181E+01 .9381E+00 .8485E-01 .4942E+00
.7790E+03 .1182E+01 .9393E+00 .8474E-01 .4946E+00
.7800E+03 .1175E+01 .9344E+00 .8409E-01 .4918E+00
.7810E+03 .1176E+01 .9359E+00 .8401E-01 .4924E+00
.7820E+03 .1183E+01 .9422E+00 .8440E-01 .4955E+00
.7830E+03 .1162E+01 .9262E+00 .8279E-01 .4870E+00
.7840E+03 .1167E+01 .9311E+00 .8304E-01 .4893E+00
.7850E+03 .1160E+01 .9253E+00 .8235E-01 .4861E+00
.7860E+03 .1174E+01 .9364E+00 .8316E-01 .4918E+00
.7870E+03 .1169E+01 .9239E+00 .8200E-01 .4852E+00
.7880E+03 .1163E+01 .9147E+00 .8105E-01 .4802E+00
.7890E+03 .1169E+01 .9169E+00 .8104E-01 .4811E+00
.7900E+03 .1167E+01 .8976E+00 .7934E-01 .4710E+00
.7910E+03 .1151E+01 .9011E+00 .7927E-01 .4725E+00
.7920E+03 .1140E+01 .8941E+00 .7845E-01 .4686E+00
.7930E+03 .1125E+01 .8807E+00 .7710E-01 .4614E+00
.7940E+03 .1112E+01 .8896E+00 .7754E-01 .4657E+00
.7950E+03 .1138E+01 .9066E+00 .7887E-01 .4745E+00
.7960E+03 .1142E+01 .8863E+00 .7715E-01 .4639E+00
.7970E+03 .1141E+01 .8880E+00 .7712E-01 .4646E+00
.7980E+03 .1140E+01 .9079E+00 .7843E-01 .4746E+00
.7990E+03 .1141E+01 .9040E+00 .7794E-01 .4724E+00
.8000E+03 .1131E+01 .8909E+00 .7668E-01 .4654E+00
.8010E+03 .1134E+01 .8891E+00 .7641E-01 .4644E+00
.8020E+03 .1129E+01 .8869E+00 .7602E-01 .4630E+00
.8030E+03 .1124E+01 .8814E+00 .7539E-01 .4600E+00
.8040E+03 .1122E+01 .8822E+00 .7524E-01 .4602E+00
.8050E+03 .1108E+01 .8777E+00 .7461E-01 .4576E+00
.8060E+03 .1123E+01 .9001E+00 .7618E-01 .4689E+00
.8070E+03 .1114E+01 .8903E+00 .7517E-01 .4636E+00
.8080E+03 .1112E+01 .8908E+00 .7500E-01 .4637E+00
.8090E+03 .1103E+01 .8766E+00 .7369E-01 .4562E+00
.8100E+03 .1106E+01 .8738E+00 .7328E-01 .4545E+00
.8110E+03 .1117E+01 .8765E+00 .7344E-01 .4559E+00
.8120E+03 .1118E+01 .8560E+00 .7169E-01 .4452E+00
.8130E+03 .1120E+01 .8423E+00 .7045E-01 .4380E+00
.8140E+03 .1113E+01 .7595E+00 .6391E-01 .3953E+00
.8150E+03 .1107E+01 .7575E+00 .6353E-01 .3941E+00
.8160E+03 .1105E+01 .7243E+00 .6028E-01 .3763E+00
.8170E+03 .1101E+01 .7317E+00 .6074E-01 .3800E+00
.8180E+03 .1079E+01 .7091E+00 .5886E-01 .3683E+00
.8190E+03 .1073E+01 .7694E+00 .6341E-01 .3991E+00
.8200E+03 .1066E+01 .7341E+00 .6047E-01 .3808E+00
.8210E+03 .1065E+01 .8262E+00 .6756E-01 .4281E+00
.8220E+03 .1067E+01 .8106E+00 .6615E-01 .4198E+00
.8230E+03 .1078E+01 .6074E+00 .5038E-01 .3154E+00
.8240E+03 .1075E+01 .7978E+00 .6504E-01 .4131E+00
.8250E+03 .1072E+01 .8181E+00 .6628E-01 .4233E+00
.8260E+03 .1080E+01 .7950E+00 .6449E-01 .4114E+00
.8270E+03 .1078E+01 .8304E+00 .6702E-01 .4293E+00
.8280E+03 .1072E+01 .7327E+00 .5943E-01 .3792E+00
.8290E+03 .1065E+01 .7920E+00 .6372E-01 .4093E+00
.8300E+03 .1062E+01 .7855E+00 .6310E-01 .4058E+00
.8310E+03 .1056E+01 .7865E+00 .6305E-01 .4063E+00
.8320E+03 .1059E+01 .7693E+00 .6158E-01 .3973E+00
.8330E+03 .1026E+01 .7969E+00 .6357E-01 .4113E+00
.8340E+03 .1031E+01 .7749E+00 .6188E-01 .4000E+00
.8350E+03 .1047E+01 .8379E+00 .6635E-01 .4320E+00
.8360E+03 .1052E+01 .8096E+00 .6422E-01 .4175E+00
.8370E+03 .1047E+01 .8403E+00 .6621E-01 .4329E+00
.8380E+03 .1031E+01 .8182E+00 .6442E-01 .4214E+00
.8390E+03 .1028E+01 .8275E+00 .6488E-01 .4260E+00
.8400E+03 .1045E+01 .8450E+00 .6606E-01 .4348E+00
.8410E+03 .1039E+01 .8349E+00 .6516E-01 .4295E+00
.8420E+03 .1030E+01 .8345E+00 .6490E-01 .4290E+00
.8430E+03 .1018E+01 .8320E+00 .6446E-01 .4275E+00
.8440E+03 .1011E+01 .8225E+00 .6360E-01 .4225E+00
.8450E+03 .1035E+01 .8482E+00 .6538E-01 .4355E+00
.8460E+03 .1029E+01 .8444E+00 .6491E-01 .4334E+00
.8470E+03 .1006E+01 .8281E+00 .6348E-01 .4248E+00
.8480E+03 .1005E+01 .8244E+00 .6306E-01 .4228E+00
.8490E+03 .9768E+00 .8012E+00 .6113E-01 .4107E+00
.8500E+03 .9348E+00 .7677E+00 .5841E-01 .3934E+00
.8510E+03 .9958E+00 .8141E+00 .6181E-01 .4171E+00
.8520E+03 .9863E+00 .8084E+00 .6119E-01 .4139E+00
.8530E+03 .9445E+00 .7772E+00 .5866E-01 .3978E+00
.8540E+03 .8195E+00 .6723E+00 .5064E-01 .3440E+00
.8550E+03 .8947E+00 .7375E+00 .5541E-01 .3772E+00
.8560E+03 .9802E+00 .8071E+00 .6051E-01 .4127E+00
.8570E+03 .9983E+00 .8244E+00 .6167E-01 .4214E+00
.8580E+03 .9924E+00 .8190E+00 .6115E-01 .4185E+00
.8590E+03 .9913E+00 .8197E+00 .6105E-01 .4187E+00
.8600E+03 .9915E+00 .8210E+00 .6102E-01 .4193E+00
.8610E+03 .9866E+00 .8170E+00 .6060E-01 .4171E+00
.8620E+03 .1001E+01 .8300E+00 .6144E-01 .4236E+00
.8630E+03 .1025E+01 .8499E+00 .6279E-01 .4337E+00
.8640E+03 .9735E+00 .8078E+00 .5955E-01 .4120E+00
.8650E+03 .9646E+00 .8009E+00 .5892E-01 .4084E+00
.8660E+03 .8673E+00 .7204E+00 .5288E-01 .3672E+00
.8670E+03 .9050E+00 .7521E+00 .5509E-01 .3833E+00
.8680E+03 .9846E+00 .8187E+00 .5984E-01 .4171E+00
.8690E+03 .9640E+00 .8020E+00 .5849E-01 .4084E+00
.8700E+03 .9913E+00 .8251E+00 .6005E-01 .4201E+00
.8710E+03 .9779E+00 .8142E+00 .5912E-01 .4144E+00
.8720E+03 .9742E+00 .8116E+00 .5880E-01 .4129E+00
.8730E+03 .9722E+00 .8102E+00 .5857E-01 .4121E+00
.8740E+03 .9606E+00 .8009E+00 .5776E-01 .4072E+00
.8750E+03 .9413E+00 .7850E+00 .5649E-01 .3990E+00
.8760E+03 .9515E+00 .7935E+00 .5697E-01 .4032E+00
.8770E+03 .9607E+00 .8017E+00 .5743E-01 .4072E+00
.8780E+03 .9721E+00 .8109E+00 .5796E-01 .4118E+00
.8790E+03 .9569E+00 .7986E+00 .5695E-01 .4054E+00
.8800E+03 .9362E+00 .7817E+00 .5562E-01 .3967E+00
.8810E+03 .9249E+00 .7710E+00 .5473E-01 .3911E+00
.8820E+03 .9454E+00 .7879E+00 .5581E-01 .3996E+00
.8830E+03 .9466E+00 .7904E+00 .5584E-01 .4007E+00
.8840E+03 .9428E+00 .7870E+00 .5548E-01 .3989E+00
.8850E+03 .9499E+00 .7931E+00 .5578E-01 .4018E+00
.8860E+03 .9144E+00 .7580E+00 .5324E-01 .3840E+00
.8870E+03 .9176E+00 .7650E+00 .5356E-01 .3874E+00
.8880E+03 .9375E+00 .7782E+00 .5437E-01 .3939E+00
.8890E+03 .9378E+00 .7847E+00 .5467E-01 .3971E+00
.8900E+03 .9405E+00 .7808E+00 .5432E-01 .3950E+00
.8910E+03 .9334E+00 .7791E+00 .5405E-01 .3940E+00
.8920E+03 .9185E+00 .7586E+00 .5260E-01 .3836E+00
.8930E+03 .9130E+00 .7387E+00 .5119E-01 .3735E+00
.8940E+03 .9152E+00 .7179E+00 .4982E-01 .3631E+00
.8950E+03 .9116E+00 .6871E+00 .4780E-01 .3476E+00
.8960E+03 .9250E+00 .6659E+00 .4610E-01 .3367E+00
.8970E+03 .9111E+00 .5920E+00 .4108E-01 .2994E+00
.8980E+03 .9149E+00 .6310E+00 .4363E-01 .3190E+00
.8990E+03 .9122E+00 .5069E+00 .3528E-01 .2565E+00
.9000E+03 .8913E+00 .6371E+00 .4370E-01 .3217E+00
.9010E+03 .8607E+00 .5263E+00 .3645E-01 .2661E+00
.9020E+03 .8695E+00 .5907E+00 .4041E-01 .2982E+00
.9030E+03 .9026E+00 .6008E+00 .4121E-01 .3033E+00
.9040E+03 .9116E+00 .7222E+00 .4894E-01 .3641E+00
.9050E+03 .9090E+00 .7016E+00 .4752E-01 .3537E+00
.9060E+03 .8879E+00 .6626E+00 .4482E-01 .3339E+00
.9070E+03 .8951E+00 .5659E+00 .3854E-01 .2855E+00
.9080E+03 .8794E+00 .5746E+00 .3898E-01 .2897E+00
.9090E+03 .8615E+00 .6066E+00 .4096E-01 .3057E+00
.9100E+03 .8785E+00 .5523E+00 .3772E-01 .2787E+00
.9110E+03 .8739E+00 .5749E+00 .3896E-01 .2898E+00
.9120E+03 .8751E+00 .6031E+00 .4054E-01 .3037E+00
.9130E+03 .8943E+00 .5597E+00 .3802E-01 .2822E+00
.9140E+03 .8837E+00 .5613E+00 .3774E-01 .2827E+00
.9150E+03 .8764E+00 .5918E+00 .3997E-01 .2982E+00
.9160E+03 .8802E+00 .5229E+00 .3503E-01 .2632E+00
.9170E+03 .8678E+00 .6235E+00 .4164E-01 .3137E+00
.9180E+03 .8720E+00 .5345E+00 .3573E-01 .2690E+00
.9190E+03 .8750E+00 .6345E+00 .4205E-01 .3189E+00
.9200E+03 .8643E+00 .6416E+00 .4207E-01 .3220E+00
.9210E+03 .8426E+00 .6533E+00 .4289E-01 .3280E+00
.9220E+03 .8394E+00 .5981E+00 .3944E-01 .3004E+00
.9230E+03 .8164E+00 .6326E+00 .4131E-01 .3173E+00
.9240E+03 .8422E+00 .6107E+00 .4014E-01 .3066E+00
.9250E+03 .8420E+00 .6017E+00 .3943E-01 .3020E+00
.9260E+03 .8313E+00 .6048E+00 .3958E-01 .3035E+00
.9270E+03 .8578E+00 .6656E+00 .4318E-01 .3336E+00
.9280E+03 .8592E+00 .5230E+00 .3470E-01 .2629E+00
.9290E+03 .8478E+00 .4798E+00 .3206E-01 .2414E+00
.9300E+03 .8522E+00 .4224E+00 .2833E-01 .2126E+00
.9310E+03 .8522E+00 .3918E+00 .2604E-01 .1970E+00
.9320E+03 .8477E+00 .3062E+00 .2067E-01 .1543E+00
.9330E+03 .8509E+00 .2645E+00 .1810E-01 .1335E+00
.9340E+03 .8488E+00 .1788E+00 .1290E-01 .9092E-01
.9350E+03 .8387E+00 .2713E+00 .1809E-01 .1365E+00
.9360E+03 .8346E+00 .1879E+00 .1290E-01 .9488E-01
.9370E+03 .8405E+00 .1977E+00 .1365E-01 .9992E-01
.9380E+03 .8398E+00 .2326E+00 .1588E-01 .1174E+00
.9390E+03 .8338E+00 .3893E+00 .2534E-01 .1952E+00
.9400E+03 .8240E+00 .4471E+00 .2890E-01 .2240E+00
.9410E+03 .7940E+00 .3594E+00 .2355E-01 .1804E+00
.9420E+03 .8106E+00 .4028E+00 .2602E-01 .2018E+00
.9430E+03 .8205E+00 .2974E+00 .1930E-01 .1491E+00
.9440E+03 .8095E+00 .2999E+00 .1908E-01 .1500E+00
.9450E+03 .8176E+00 .3674E+00 .2377E-01 .1841E+00
.9460E+03 .8205E+00 .2188E+00 .1449E-01 .1099E+00
.9470E+03 .8223E+00 .3705E+00 .2404E-01 .1857E+00
.9480E+03 .8230E+00 .2895E+00 .1865E-01 .1450E+00
.9490E+03 .8223E+00 .4840E+00 .3082E-01 .2420E+00
.9500E+03 .8165E+00 .1823E+00 .1240E-01 .9195E-01
.9510E+03 .8121E+00 .4705E+00 .2976E-01 .2351E+00
.9520E+03 .8128E+00 .2897E+00 .1879E-01 .1452E+00
.9530E+03 .8054E+00 .3429E+00 .2195E-01 .1716E+00
.9540E+03 .7807E+00 .3949E+00 .2483E-01 .1972E+00
.9550E+03 .7675E+00 .3562E+00 .2252E-01 .1779E+00
.9560E+03 .8000E+00 .3268E+00 .2059E-01 .1632E+00
.9570E+03 .7937E+00 .2886E+00 .1859E-01 .1445E+00
.9580E+03 .8024E+00 .4297E+00 .2628E-01 .2138E+00
.9590E+03 .8032E+00 .3708E+00 .2307E-01 .1849E+00
.9600E+03 .7918E+00 .4031E+00 .2515E-01 .2010E+00
.9610E+03 .7957E+00 .4362E+00 .2682E-01 .2171E+00
.9620E+03 .7888E+00 .4208E+00 .2584E-01 .2094E+00
.9630E+03 .7849E+00 .4689E+00 .2850E-01 .2331E+00
.9640E+03 .7846E+00 .4345E+00 .2643E-01 .2160E+00
.9650E+03 .7815E+00 .4615E+00 .2788E-01 .2293E+00
.9660E+03 .7752E+00 .4644E+00 .2802E-01 .2307E+00
.9670E+03 .7819E+00 .4681E+00 .2819E-01 .2325E+00
.9680E+03 .7808E+00 .5773E+00 .3399E-01 .2859E+00
.9690E+03 .7803E+00 .5957E+00 .3521E-01 .2951E+00
.9700E+03 .7795E+00 .5627E+00 .3317E-01 .2787E+00
.9710E+03 .7771E+00 .6238E+00 .3642E-01 .3086E+00
.9720E+03 .7789E+00 .6005E+00 .3505E-01 .2971E+00
.9730E+03 .7707E+00 .5425E+00 .3190E-01 .2686E+00
.9740E+03 .7613E+00 .5130E+00 .3027E-01 .2541E+00
.9750E+03 .7705E+00 .5321E+00 .3106E-01 .2632E+00
.9760E+03 .7662E+00 .5142E+00 .3016E-01 .2545E+00
.9770E+03 .7645E+00 .5671E+00 .3283E-01 .2803E+00
.9780E+03 .7634E+00 .5445E+00 .3162E-01 .2692E+00
.9790E+03 .7570E+00 .5660E+00 .3271E-01 .2797E+00
.9800E+03 .7609E+00 .5385E+00 .3108E-01 .2661E+00
.9810E+03 .7650E+00 .6164E+00 .3532E-01 .3043E+00
.9820E+03 .7624E+00 .5931E+00 .3406E-01 .2929E+00
.9830E+03 .7569E+00 .5716E+00 .3285E-01 .2823E+00
.9840E+03 .7559E+00 .6288E+00 .3570E-01 .3101E+00
.9850E+03 .7565E+00 .5896E+00 .3368E-01 .2910E+00
.9860E+03 .7509E+00 .6384E+00 .3601E-01 .3146E+00
.9870E+03 .7494E+00 .6282E+00 .3546E-01 .3096E+00
.9880E+03 .7504E+00 .6272E+00 .3534E-01 .3090E+00
.9890E+03 .7385E+00 .6343E+00 .3552E-01 .3123E+00
.9900E+03 .7416E+00 .6234E+00 .3496E-01 .3070E+00
.9910E+03 .7429E+00 .6368E+00 .3550E-01 .3133E+00
.9920E+03 .7453E+00 .6401E+00 .3562E-01 .3149E+00
.9930E+03 .7432E+00 .6290E+00 .3504E-01 .3095E+00
.9940E+03 .7432E+00 .6397E+00 .3547E-01 .3146E+00
.9950E+03 .7399E+00 .6386E+00 .3534E-01 .3140E+00
.9960E+03 .7393E+00 .6367E+00 .3519E-01 .3130E+00
.9970E+03 .7390E+00 .6374E+00 .3517E-01 .3133E+00
.9980E+03 .7365E+00 .6345E+00 .3496E-01 .3118E+00
.9990E+03 .7331E+00 .6324E+00 .3477E-01 .3107E+00
.1000E+04 .7321E+00 .6290E+00 .3455E-01 .3090E+00
.1001E+04 .7366E+00 .6360E+00 .3484E-01 .3123E+00
.1002E+04 .7334E+00 .6216E+00 .3409E-01 .3053E+00
.1003E+04 .7247E+00 .6253E+00 .3415E-01 .3070E+00
.1004E+04 .7114E+00 .6107E+00 .3332E-01 .2998E+00
.1005E+04 .6792E+00 .5875E+00 .3197E-01 .2883E+00
.1006E+04 .7092E+00 .6112E+00 .3322E-01 .2999E+00
.1007E+04 .7222E+00 .6238E+00 .3384E-01 .3060E+00
.1008E+04 .7217E+00 .6214E+00 .3366E-01 .3048E+00
.1009E+04 .7213E+00 .6187E+00 .3348E-01 .3034E+00
.1010E+04 .7202E+00 .6166E+00 .3332E-01 .3024E+00
.1011E+04 .7181E+00 .6212E+00 .3346E-01 .3045E+00
.1012E+04 .7155E+00 .6166E+00 .3317E-01 .3022E+00
.1013E+04 .7155E+00 .6197E+00 .3327E-01 .3037E+00
.1014E+04 .7105E+00 .6155E+00 .3298E-01 .3015E+00
.1015E+04 .7064E+00 .6117E+00 .3273E-01 .2997E+00
.1016E+04 .7037E+00 .6091E+00 .3254E-01 .2983E+00
.1017E+04 .7059E+00 .6110E+00 .3258E-01 .2992E+00
.1018E+04 .7013E+00 .6083E+00 .3238E-01 .2978E+00
.1019E+04 .6928E+00 .5967E+00 .3174E-01 .2921E+00
.1020E+04 .6986E+00 .6056E+00 .3213E-01 .2964E+00
.1021E+04 .6965E+00 .6047E+00 .3202E-01 .2959E+00
.1022E+04 .6934E+00 .6006E+00 .3176E-01 .2938E+00
.1023E+04 .7014E+00 .6072E+00 .3206E-01 .2970E+00
.1024E+04 .6990E+00 .6009E+00 .3171E-01 .2939E+00
.1025E+04 .6985E+00 .6066E+00 .3191E-01 .2966E+00
.1026E+04 .6971E+00 .6044E+00 .3175E-01 .2955E+00
.1027E+04 .6953E+00 .6032E+00 .3163E-01 .2948E+00
.1028E+04 .6944E+00 .6022E+00 .3153E-01 .2943E+00
.1029E+04 .6866E+00 .5953E+00 .3112E-01 .2909E+00
.1030E+04 .6889E+00 .5989E+00 .3125E-01 .2926E+00
.1031E+04 .6872E+00 .5969E+00 .3110E-01 .2916E+00
.1032E+04 .6844E+00 .5951E+00 .3095E-01 .2906E+00
.1033E+04 .6743E+00 .5863E+00 .3044E-01 .2863E+00
.1034E+04 .6741E+00 .5864E+00 .3039E-01 .2863E+00
.1035E+04 .6762E+00 .5883E+00 .3044E-01 .2871E+00
.1036E+04 .6804E+00 .5916E+00 .3057E-01 .2887E+00
.1037E+04 .6691E+00 .5817E+00 .3001E-01 .2838E+00
.1038E+04 .6723E+00 .5847E+00 .3011E-01 .2852E+00
.1039E+04 .6723E+00 .5845E+00 .3005E-01 .2851E+00
.1040E+04 .6697E+00 .5823E+00 .2989E-01 .2840E+00
.1041E+04 .6729E+00 .5849E+00 .2998E-01 .2852E+00
.1042E+04 .6683E+00 .5810E+00 .2973E-01 .2832E+00
.1043E+04 .6665E+00 .5793E+00 .2959E-01 .2824E+00
.1044E+04 .6692E+00 .5815E+00 .2966E-01 .2834E+00
.1045E+04 .6605E+00 .5738E+00 .2922E-01 .2796E+00
.1046E+04 .6536E+00 .5677E+00 .2886E-01 .2766E+00
.1047E+04 .6599E+00 .5730E+00 .2908E-01 .2791E+00
.1048E+04 .6640E+00 .5763E+00 .2921E-01 .2807E+00
.1049E+04 .6621E+00 .5740E+00 .2905E-01 .2795E+00
.1050E+04 .6596E+00 .5714E+00 .2887E-01 .2782E+00
