Wvlgth Extraterrestrial_spectrm Direct_normal_irradiance Difuse_horizn_irradiance Global_horizn_irradiance
.2800E+03 .7861E-01 .3660E-20 .6378E-20 .9291E-20
.2805E+03 .1025E+00 .7884E-19 .1064E-18 .1692E-18
.2810E+03 .1719E+00 .3880E-18 .4661E-18 .7750E-18
.2815E+03 .2414E+00 .8205E-17 .7837E-17 .1437E-16
.2820E+03 .2921E+00 .5350E-16 .4396E-16 .8655E-16
.2825E+03 .3148E+00 .1789E-15 .1315E-15 .2739E-15
.2830E+03 .3435E+00 .6780E-15 .4428E-15 .9824E-15
.2835E+03 .3229E+00 .1181E-14 .7132E-15 .1653E-14
.2840E+03 .3217E+00 .1966E-13 .9612E-14 .2526E-13
.2845E+03 .2519E+00 .5761E-13 .5566E-13 .1015E-12
.2850E+03 .1187E+00 .1109E-12 .1047E-12 .1930E-12
.2855E+03 .1380E+00 .6731E-12 .6252E-12 .1161E-11
.2860E+03 .3012E+00 .2903E-11 .2613E-11 .4924E-11
.2865E+03 .3588E+00 .1365E-10 .1208E-10 .2295E-10
.2870E+03 .3785E+00 .3991E-10 .3457E-10 .6634E-10
.2875E+03 .3789E+00 .1501E-09 .1288E-09 .2483E-09
.2880E+03 .2509E+00 .5298E-09 .3362E-09 .7579E-09
.2885E+03 .3595E+00 .1869E-08 .1193E-08 .2680E-08
.2890E+03 .4209E+00 .5480E-08 .3545E-08 .7906E-08
.2895E+03 .4920E+00 .1765E-07 .1177E-07 .2582E-07
.2900E+03 .6188E+00 .5062E-07 .3453E-07 .7482E-07
.2905E+03 .6471E+00 .1062E-06 .7368E-07 .1582E-06
.2910E+03 .6108E+00 .2308E-06 .1671E-06 .3508E-06
.2915E+03 .6031E+00 .6534E-06 .4265E-06 .9466E-06
.2920E+03 .5739E+00 .1471E-05 .9690E-06 .2140E-05
.2925E+03 .4974E+00 .2082E-05 .1343E-05 .3000E-05
.2930E+03 .5683E+00 .4424E-05 .2837E-05 .6358E-05
.2935E+03 .5771E+00 .1046E-04 .6887E-05 .1521E-04
.2940E+03 .5048E+00 .1633E-04 .1075E-04 .2375E-04
.2945E+03 .5444E+00 .2720E-04 .1983E-04 .4148E-04
.2950E+03 .5170E+00 .4441E-04 .3509E-04 .7043E-04
.2955E+03 .5832E+00 .9785E-04 .5892E-04 .1368E-03
.2960E+03 .6222E+00 .1662E-03 .1035E-03 .2358E-03
.2965E+03 .4935E+00 .2046E-03 .1319E-03 .2948E-03
.2970E+03 .4249E+00 .2491E-03 .1652E-03 .3634E-03
.2975E+03 .5987E+00 .5699E-03 .3961E-03 .8497E-03
.2980E+03 .5587E+00 .7883E-03 .5704E-03 .1198E-02
.2985E+03 .3795E+00 .7176E-03 .5352E-03 .1106E-02
.2990E+03 .5778E+00 .1434E-02 .1102E-02 .2243E-02
.2995E+03 .5224E+00 .1992E-02 .1621E-02 .3206E-02
.3000E+03 .4174E+00 .2040E-02 .1714E-02 .3338E-02
.3005E+03 .4399E+00 .2679E-02 .2318E-02 .4450E-02
.3010E+03 .4948E+00 .4145E-02 .3775E-02 .7074E-02
.3015E+03 .5305E+00 .5768E-02 .5443E-02 .1003E-01
.3020E+03 .3750E+00 .4636E-02 .4305E-02 .7995E-02
.3025E+03 .5447E+00 .8415E-02 .7651E-02 .1435E-01
.3030E+03 .6780E+00 .1374E-01 .1219E-01 .2313E-01
.3035E+03 .6899E+00 .1635E-01 .1446E-01 .2747E-01
.3040E+03 .5782E+00 .1482E-01 .1303E-01 .2483E-01
.3045E+03 .6493E+00 .1992E-01 .1751E-01 .3337E-01
.3050E+03 .6742E+00 .2609E-01 .2305E-01 .4382E-01
.3055E+03 .6135E+00 .2737E-01 .2420E-01 .4599E-01
.3060E+03 .5432E+00 .2572E-01 .2264E-01 .4311E-01
.3065E+03 .5868E+00 .3035E-01 .2668E-01 .5084E-01
.3070E+03 .6454E+00 .3977E-01 .3519E-01 .6684E-01
.3075E+03 .6527E+00 .4712E-01 .4199E-01 .7950E-01
.3080E+03 .6575E+00 .4912E-01 .4355E-01 .8264E-01
.3085E+03 .6815E+00 .5499E-01 .5523E-01 .9899E-01
.3090E+03 .5629E+00 .4828E-01 .4766E-01 .8609E-01
.3095E+03 .5143E+00 .5187E-01 .4962E-01 .9090E-01
.3100E+03 .4657E+00 .5068E-01 .4767E-01 .8801E-01
.3105E+03 .7157E+00 .8121E-01 .7545E-01 .1401E+00
.3110E+03 .8251E+00 .9951E-01 .9121E-01 .1704E+00
.3115E+03 .7657E+00 .9527E-01 .8644E-01 .1623E+00
.3120E+03 .6429E+00 .8987E-01 .8015E-01 .1517E+00
.3125E+03 .6978E+00 .1053E+00 .9278E-01 .1766E+00
.3130E+03 .7123E+00 .1122E+00 .9794E-01 .1873E+00
.3135E+03 .7265E+00 .1117E+00 .9688E-01 .1858E+00
.3140E+03 .7946E+00 .1330E+00 .1140E+00 .2199E+00
.3145E+03 .5938E+00 .1105E+00 .9381E-01 .1817E+00
.3150E+03 .7550E+00 .1440E+00 .1214E+00 .2361E+00
.3155E+03 .6813E+00 .1251E+00 .1047E+00 .2043E+00
.3160E+03 .5190E+00 .1036E+00 .8603E-01 .1685E+00
.3165E+03 .6640E+00 .1420E+00 .1173E+00 .2303E+00
.3170E+03 .8239E+00 .1771E+00 .1451E+00 .2861E+00
.3175E+03 .8814E+00 .1876E+00 .1524E+00 .3017E+00
.3180E+03 .6354E+00 .1418E+00 .1146E+00 .2275E+00
.3185E+03 .6833E+00 .1655E+00 .1334E+00 .2651E+00
.3190E+03 .7544E+00 .1906E+00 .1531E+00 .3048E+00
.3195E+03 .6842E+00 .1644E+00 .1304E+00 .2612E+00
.3200E+03 .8379E+00 .2007E+00 .1579E+00 .3177E+00
.3205E+03 .9093E+00 .2355E+00 .1851E+00 .3726E+00
.3210E+03 .7164E+00 .1980E+00 .1557E+00 .3133E+00
.3215E+03 .6762E+00 .1893E+00 .1480E+00 .2987E+00
.3220E+03 .8161E+00 .2160E+00 .1662E+00 .3381E+00
.3225E+03 .7026E+00 .1877E+00 .1434E+00 .2928E+00
.3230E+03 .6411E+00 .1796E+00 .1370E+00 .2799E+00
.3235E+03 .6842E+00 .2059E+00 .1664E+00 .3303E+00
.3240E+03 .7827E+00 .2392E+00 .1924E+00 .3828E+00
.3245E+03 .8279E+00 .2486E+00 .1973E+00 .3952E+00
.3250E+03 .7855E+00 .2269E+00 .1684E+00 .3490E+00
.3255E+03 .9428E+00 .2825E+00 .2202E+00 .4451E+00
.3260E+03 .1054E+01 .3314E+00 .2595E+00 .5233E+00
.3265E+03 .9987E+00 .3243E+00 .2544E+00 .5125E+00
.3270E+03 .1011E+01 .3273E+00 .2543E+00 .5148E+00
.3275E+03 .9978E+00 .3208E+00 .2466E+00 .5019E+00
.3280E+03 .9547E+00 .2966E+00 .2239E+00 .4599E+00
.3285E+03 .9149E+00 .2995E+00 .2275E+00 .4659E+00
.3290E+03 .1026E+01 .3480E+00 .2655E+00 .5425E+00
.3295E+03 .1141E+01 .3922E+00 .2982E+00 .6104E+00
.3300E+03 .1164E+01 .3998E+00 .3012E+00 .6194E+00
.3305E+03 .9743E+00 .3289E+00 .2439E+00 .5057E+00
.3310E+03 .1007E+01 .3387E+00 .2489E+00 .5185E+00
.3315E+03 .9833E+00 .3386E+00 .2487E+00 .5183E+00
.3320E+03 .1008E+01 .3572E+00 .2631E+00 .5474E+00
.3325E+03 .9739E+00 .3500E+00 .2574E+00 .5360E+00
.3330E+03 .9808E+00 .3523E+00 .2567E+00 .5371E+00
.3335E+03 .9181E+00 .3260E+00 .2342E+00 .4937E+00
.3340E+03 .9435E+00 .3357E+00 .2393E+00 .5065E+00
.3345E+03 .1042E+01 .3796E+00 .2711E+00 .5733E+00
.3350E+03 .9555E+00 .3531E+00 .2518E+00 .5328E+00
.3355E+03 .1074E+01 .4008E+00 .3040E+00 .6230E+00
.3360E+03 .7410E+00 .2778E+00 .2095E+00 .4307E+00
.3365E+03 .9066E+00 .3386E+00 .2363E+00 .5057E+00
.3370E+03 .7540E+00 .2810E+00 .1942E+00 .4178E+00
.3375E+03 .9409E+00 .3513E+00 .2409E+00 .5205E+00
.3380E+03 .8880E+00 .3376E+00 .2316E+00 .5003E+00
.3385E+03 .9922E+00 .3806E+00 .2742E+00 .5771E+00
.3390E+03 .9826E+00 .3793E+00 .2684E+00 .5703E+00
.3395E+03 .9397E+00 .3643E+00 .2585E+00 .5485E+00
.3400E+03 .1135E+01 .4394E+00 .2941E+00 .6439E+00
.3405E+03 .1018E+01 .3962E+00 .2638E+00 .5791E+00
.3410E+03 .9658E+00 .3799E+00 .2629E+00 .5652E+00
.3415E+03 .8897E+00 .3523E+00 .2376E+00 .5180E+00
.3420E+03 .1062E+01 .4225E+00 .2820E+00 .6182E+00
.3425E+03 .9921E+00 .3969E+00 .2622E+00 .5781E+00
.3430E+03 .1086E+01 .4357E+00 .2892E+00 .6360E+00
.3435E+03 .1019E+01 .4099E+00 .2725E+00 .5987E+00
.3440E+03 .7678E+00 .3080E+00 .2137E+00 .4589E+00
.3445E+03 .7529E+00 .3048E+00 .2038E+00 .4464E+00
.3450E+03 .1000E+01 .4082E+00 .2646E+00 .5895E+00
.3455E+03 .1020E+01 .4187E+00 .2677E+00 .6010E+00
.3460E+03 .8656E+00 .3571E+00 .2259E+00 .5101E+00
.3465E+03 .9784E+00 .4055E+00 .2542E+00 .5770E+00
.3470E+03 .1046E+01 .4348E+00 .2731E+00 .6192E+00
.3475E+03 .8430E+00 .3517E+00 .2203E+00 .5003E+00
.3480E+03 .9615E+00 .4033E+00 .2486E+00 .5696E+00
.3485E+03 .9609E+00 .4046E+00 .2468E+00 .5688E+00
.3490E+03 .8892E+00 .3762E+00 .2277E+00 .5272E+00
.3495E+03 .8776E+00 .3729E+00 .2248E+00 .5216E+00
.3500E+03 .1083E+01 .4620E+00 .2768E+00 .6445E+00
.3505E+03 .1140E+01 .4881E+00 .2907E+00 .6792E+00
.3510E+03 .1016E+01 .4362E+00 .2593E+00 .6065E+00
.3515E+03 .9826E+00 .4228E+00 .2531E+00 .5896E+00
.3520E+03 .1055E+01 .4563E+00 .2694E+00 .6326E+00
.3525E+03 .8225E+00 .3573E+00 .2087E+00 .4930E+00
.3530E+03 .1034E+01 .4511E+00 .2612E+00 .6203E+00
.3535E+03 .1104E+01 .4832E+00 .2777E+00 .6622E+00
.3540E+03 .1145E+01 .5025E+00 .2866E+00 .6866E+00
.3545E+03 .1160E+01 .5108E+00 .2897E+00 .6963E+00
.3550E+03 .1154E+01 .5100E+00 .2881E+00 .6941E+00
.3555E+03 .1040E+01 .4618E+00 .2593E+00 .6269E+00
.3560E+03 .1086E+01 .4842E+00 .2704E+00 .6558E+00
.3565E+03 .9263E+00 .4143E+00 .2300E+00 .5598E+00
.3570E+03 .7649E+00 .3431E+00 .1895E+00 .4625E+00
.3575E+03 .9355E+00 .4209E+00 .2311E+00 .5661E+00
.3580E+03 .7405E+00 .3343E+00 .1825E+00 .4486E+00
.3585E+03 .6321E+00 .2863E+00 .1554E+00 .3833E+00
.3590E+03 .8831E+00 .4013E+00 .2167E+00 .5361E+00
.3595E+03 .1124E+01 .5121E+00 .2757E+00 .6833E+00
.3600E+03 .1190E+01 .5440E+00 .2911E+00 .7241E+00
.3605E+03 .9502E+00 .4356E+00 .2317E+00 .5784E+00
.3610E+03 .8643E+00 .3977E+00 .2103E+00 .5268E+00
.3615E+03 .9915E+00 .4581E+00 .2409E+00 .6056E+00
.3620E+03 .8542E+00 .3964E+00 .2074E+00 .5229E+00
.3625E+03 .1178E+01 .5488E+00 .2857E+00 .7226E+00
.3630E+03 .1055E+01 .4933E+00 .2556E+00 .6482E+00
.3635E+03 .9690E+00 .4547E+00 .2344E+00 .5964E+00
.3640E+03 .1182E+01 .5567E+00 .2856E+00 .7286E+00
.3645E+03 .1009E+01 .4764E+00 .2432E+00 .6224E+00
.3650E+03 .1026E+01 .4858E+00 .2468E+00 .6335E+00
.3655E+03 .1285E+01 .6106E+00 .3085E+00 .7945E+00
.3660E+03 .1359E+01 .6477E+00 .3257E+00 .8412E+00
.3665E+03 .1273E+01 .6091E+00 .3048E+00 .7896E+00
.3670E+03 .1238E+01 .5939E+00 .2956E+00 .7684E+00
.3675E+03 .1283E+01 .6170E+00 .3055E+00 .7966E+00
.3680E+03 .1121E+01 .5405E+00 .2663E+00 .6965E+00
.3685E+03 .1129E+01 .5462E+00 .2679E+00 .7026E+00
.3690E+03 .1217E+01 .5907E+00 .2883E+00 .7585E+00
.3695E+03 .1295E+01 .6307E+00 .3064E+00 .8084E+00
.3700E+03 .1379E+01 .6735E+00 .3256E+00 .8616E+00
.3705E+03 .1068E+01 .5234E+00 .2519E+00 .6685E+00
.3710E+03 .1139E+01 .5601E+00 .2682E+00 .7140E+00
.3715E+03 .1424E+01 .7017E+00 .3344E+00 .8929E+00
.3720E+03 .9440E+00 .4664E+00 .2212E+00 .5924E+00
.3725E+03 .1130E+01 .5600E+00 .2643E+00 .7100E+00
.3730E+03 .1147E+01 .5703E+00 .2679E+00 .7218E+00
.3735E+03 .7450E+00 .3715E+00 .1737E+00 .4694E+00
.3740E+03 .1081E+01 .5405E+00 .2516E+00 .6818E+00
.3745E+03 .8936E+00 .4482E+00 .2077E+00 .5644E+00
.3750E+03 .8676E+00 .4363E+00 .2012E+00 .5484E+00
.3755E+03 .1294E+01 .6523E+00 .2993E+00 .8185E+00
.3760E+03 .1072E+01 .5415E+00 .2473E+00 .6783E+00
.3765E+03 .1110E+01 .5620E+00 .2555E+00 .7028E+00
.3770E+03 .1173E+01 .5958E+00 .2696E+00 .7438E+00
.3775E+03 .1371E+01 .6981E+00 .3144E+00 .8701E+00
.3780E+03 .1485E+01 .7580E+00 .3398E+00 .9431E+00
.3785E+03 .1403E+01 .7177E+00 .3203E+00 .8915E+00
.3790E+03 .1157E+01 .5933E+00 .2635E+00 .7358E+00
.3795E+03 .1057E+01 .5430E+00 .2400E+00 .6722E+00
.3800E+03 .1098E+01 .5653E+00 .2487E+00 .6987E+00
.3805E+03 .1327E+01 .6854E+00 .3003E+00 .8458E+00
.3810E+03 .1327E+01 .6875E+00 .2999E+00 .8471E+00
.3815E+03 .1050E+01 .5454E+00 .2369E+00 .6709E+00
.3820E+03 .9305E+00 .4847E+00 .2096E+00 .5954E+00
.3825E+03 .7914E+00 .4135E+00 .1780E+00 .5071E+00
.3830E+03 .7314E+00 .3831E+00 .1643E+00 .4692E+00
.3835E+03 .7033E+00 .3693E+00 .1577E+00 .4516E+00
.3840E+03 .7748E+00 .4078E+00 .1733E+00 .4979E+00
.3845E+03 .1138E+01 .6005E+00 .2541E+00 .7321E+00
.3850E+03 .1127E+01 .5962E+00 .2512E+00 .7257E+00
.3855E+03 .1048E+01 .5559E+00 .2332E+00 .6756E+00
.3860E+03 .8963E+00 .4767E+00 .1991E+00 .5785E+00
.3865E+03 .1175E+01 .6268E+00 .2608E+00 .7597E+00
.3870E+03 .9758E+00 .5216E+00 .2160E+00 .6312E+00
.3875E+03 .1095E+01 .5866E+00 .2419E+00 .7088E+00
.3880E+03 .1010E+01 .5422E+00 .2227E+00 .6543E+00
.3885E+03 .9967E+00 .5366E+00 .2194E+00 .6465E+00
.3890E+03 .1075E+01 .5799E+00 .2362E+00 .6977E+00
.3895E+03 .1300E+01 .7032E+00 .2852E+00 .8448E+00
.3900E+03 .1303E+01 .7065E+00 .2853E+00 .8476E+00
.3905E+03 .1198E+01 .6509E+00 .2618E+00 .7799E+00
.3910E+03 .1409E+01 .7670E+00 .3072E+00 .9177E+00
.3915E+03 .1436E+01 .7833E+00 .3124E+00 .9358E+00
.3920E+03 .1208E+01 .6606E+00 .2623E+00 .7881E+00
.3925E+03 .1080E+01 .5920E+00 .2341E+00 .7053E+00
.3930E+03 .6000E+00 .3297E+00 .1299E+00 .3923E+00
.3935E+03 .4355E+00 .2399E+00 .9411E-01 .2850E+00
.3940E+03 .8853E+00 .4887E+00 .1909E+00 .5799E+00
.3945E+03 .1124E+01 .6219E+00 .2420E+00 .7370E+00
.3950E+03 .1371E+01 .7596E+00 .2944E+00 .8990E+00
.3955E+03 .1392E+01 .7726E+00 .2981E+00 .9130E+00
.3960E+03 .1205E+01 .6705E+00 .2577E+00 .7914E+00
.3965E+03 .7032E+00 .3923E+00 .1502E+00 .4624E+00
.3970E+03 .5271E+00 .2947E+00 .1124E+00 .3469E+00
.3975E+03 .1071E+01 .6000E+00 .2278E+00 .7054E+00
.3980E+03 .1500E+01 .8413E+00 .3181E+00 .9877E+00
.3985E+03 .1549E+01 .8705E+00 .3278E+00 .1021E+01
.3990E+03 .1673E+01 .9431E+00 .3538E+00 .1105E+01
.3995E+03 .1666E+01 .9410E+00 .3516E+00 .1101E+01
.4000E+03 .1730E+01 .9784E+00 .3640E+00 .1143E+01
.4010E+03 .1772E+01 .1006E+01 .3760E+00 .1177E+01
.4020E+03 .1864E+01 .1064E+01 .3944E+00 .1241E+01
.4030E+03 .1766E+01 .1012E+01 .3725E+00 .1178E+01
.4040E+03 .1736E+01 .9981E+00 .3646E+00 .1159E+01
.4050E+03 .1733E+01 .9997E+00 .3624E+00 .1158E+01
.4060E+03 .1700E+01 .9850E+00 .3545E+00 .1138E+01
.4070E+03 .1668E+01 .9706E+00 .3468E+00 .1119E+01
.4080E+03 .1732E+01 .1010E+01 .3582E+00 .1162E+01
.4090E+03 .1850E+01 .1083E+01 .3812E+00 .1243E+01
.4100E+03 .1613E+01 .9477E+00 .3311E+00 .1085E+01
.4110E+03 .1743E+01 .1028E+01 .3566E+00 .1175E+01
.4120E+03 .1866E+01 .1105E+01 .3807E+00 .1260E+01
.4130E+03 .1819E+01 .1080E+01 .3692E+00 .1229E+01
.4140E+03 .1837E+01 .1095E+01 .3717E+00 .1243E+01
.4150E+03 .1837E+01 .1099E+01 .3705E+00 .1245E+01
.4160E+03 .1864E+01 .1120E+01 .3749E+00 .1266E+01
.4170E+03 .1816E+01 .1094E+01 .3637E+00 .1234E+01
.4180E+03 .1780E+01 .1076E+01 .3551E+00 .1211E+01
.4190E+03 .1800E+01 .1091E+01 .3578E+00 .1226E+01
.4200E+03 .1790E+01 .1088E+01 .3543E+00 .1220E+01
.4210E+03 .1869E+01 .1140E+01 .3687E+00 .1276E+01
.4220E+03 .1774E+01 .1085E+01 .3485E+00 .1212E+01
.4230E+03 .1730E+01 .1061E+01 .3386E+00 .1183E+01
.4240E+03 .1828E+01 .1125E+01 .3563E+00 .1251E+01
.4250E+03 .1821E+01 .1124E+01 .3538E+00 .1249E+01
.4260E+03 .1768E+01 .1096E+01 .3427E+00 .1215E+01
.4270E+03 .1733E+01 .1077E+01 .3345E+00 .1191E+01
.4280E+03 .1687E+01 .1050E+01 .3241E+00 .1160E+01
.4290E+03 .1593E+01 .9956E+00 .3054E+00 .1098E+01
.4300E+03 .1392E+01 .8723E+00 .2658E+00 .9601E+00
.4310E+03 .1380E+01 .8663E+00 .2622E+00 .9517E+00
.4320E+03 .1776E+01 .1119E+01 .3367E+00 .1228E+01
.4330E+03 .1783E+01 .1127E+01 .3368E+00 .1234E+01
.4340E+03 .1655E+01 .1048E+01 .3112E+00 .1145E+01
.4350E+03 .1728E+01 .1096E+01 .3234E+00 .1196E+01
.4360E+03 .1942E+01 .1236E+01 .3625E+00 .1346E+01
.4370E+03 .1910E+01 .1220E+01 .3556E+00 .1327E+01
.4380E+03 .1735E+01 .1112E+01 .3221E+00 .1207E+01
.4390E+03 .1798E+01 .1153E+01 .3315E+00 .1249E+01
.4400E+03 .1851E+01 .1190E+01 .3403E+00 .1288E+01
.4410E+03 .1914E+01 .1235E+01 .3510E+00 .1334E+01
.4420E+03 .2050E+01 .1326E+01 .3746E+00 .1430E+01
.4430E+03 .1999E+01 .1295E+01 .3634E+00 .1394E+01
.4440E+03 .2038E+01 .1323E+01 .3692E+00 .1422E+01
.4450E+03 .1995E+01 .1297E+01 .3596E+00 .1392E+01
.4460E+03 .1898E+01 .1238E+01 .3415E+00 .1327E+01
.4470E+03 .2046E+01 .1339E+01 .3671E+00 .1433E+01
.4480E+03 .2081E+01 .1363E+01 .3711E+00 .1456E+01
.4490E+03 .2081E+01 .1368E+01 .3706E+00 .1459E+01
.4500E+03 .2135E+01 .1407E+01 .3791E+00 .1499E+01
.4510E+03 .2212E+01 .1461E+01 .3913E+00 .1554E+01
.4520E+03 .2129E+01 .1409E+01 .3752E+00 .1497E+01
.4530E+03 .2000E+01 .1327E+01 .3512E+00 .1407E+01
.4540E+03 .2083E+01 .1386E+01 .3648E+00 .1468E+01
.4550E+03 .2095E+01 .1396E+01 .3653E+00 .1477E+01
.4560E+03 .2142E+01 .1431E+01 .3722E+00 .1511E+01
.4570E+03 .2176E+01 .1456E+01 .3766E+00 .1536E+01
.4580E+03 .2104E+01 .1409E+01 .3622E+00 .1484E+01
.4590E+03 .2090E+01 .1403E+01 .3585E+00 .1475E+01
.4600E+03 .2096E+01 .1409E+01 .3579E+00 .1479E+01
.4610E+03 .2142E+01 .1443E+01 .3644E+00 .1513E+01
.4620E+03 .2154E+01 .1454E+01 .3655E+00 .1523E+01
.4630E+03 .2140E+01 .1446E+01 .3613E+00 .1512E+01
.4640E+03 .2099E+01 .1422E+01 .3536E+00 .1486E+01
.4650E+03 .2067E+01 .1405E+01 .3475E+00 .1466E+01
.4660E+03 .2083E+01 .1419E+01 .3493E+00 .1479E+01
.4670E+03 .2047E+01 .1395E+01 .3415E+00 .1452E+01
.4680E+03 .2070E+01 .1414E+01 .3440E+00 .1469E+01
.4690E+03 .2080E+01 .1423E+01 .3444E+00 .1477E+01
.4700E+03 .2014E+01 .1380E+01 .3321E+00 .1430E+01
.4710E+03 .2010E+01 .1379E+01 .3302E+00 .1428E+01
.4720E+03 .2118E+01 .1455E+01 .3465E+00 .1505E+01
.4730E+03 .2091E+01 .1439E+01 .3407E+00 .1486E+01
.4740E+03 .2098E+01 .1444E+01 .3399E+00 .1489E+01
.4750E+03 .2120E+01 .1460E+01 .3417E+00 .1503E+01
.4760E+03 .2062E+01 .1420E+01 .3305E+00 .1461E+01
.4770E+03 .2071E+01 .1427E+01 .3303E+00 .1466E+01
.4780E+03 .2125E+01 .1467E+01 .3378E+00 .1506E+01
.4790E+03 .2107E+01 .1458E+01 .3338E+00 .1494E+01
.4800E+03 .2106E+01 .1460E+01 .3326E+00 .1495E+01
.4810E+03 .2139E+01 .1487E+01 .3370E+00 .1520E+01
.4820E+03 .2144E+01 .1494E+01 .3370E+00 .1526E+01
.4830E+03 .2112E+01 .1475E+01 .3313E+00 .1506E+01
.4840E+03 .2066E+01 .1446E+01 .3232E+00 .1474E+01
.4850E+03 .1966E+01 .1378E+01 .3066E+00 .1404E+01
.4860E+03 .1715E+01 .1205E+01 .2669E+00 .1226E+01
.4870E+03 .1794E+01 .1263E+01 .2785E+00 .1284E+01
.4880E+03 .1969E+01 .1387E+01 .3043E+00 .1408E+01
.4890E+03 .1977E+01 .1393E+01 .3041E+00 .1413E+01
.4900E+03 .2076E+01 .1466E+01 .3185E+00 .1486E+01
.4910E+03 .2037E+01 .1442E+01 .3117E+00 .1459E+01
.4920E+03 .1923E+01 .1363E+01 .2933E+00 .1378E+01
.4930E+03 .1985E+01 .1408E+01 .3017E+00 .1423E+01
.4940E+03 .2004E+01 .1424E+01 .3035E+00 .1437E+01
.4950E+03 .2020E+01 .1437E+01 .3049E+00 .1448E+01
.4960E+03 .2032E+01 .1447E+01 .3055E+00 .1457E+01
.4970E+03 .2063E+01 .1471E+01 .3091E+00 .1480E+01
.4980E+03 .1966E+01 .1403E+01 .2936E+00 .1410E+01
.4990E+03 .1992E+01 .1423E+01 .2962E+00 .1429E+01
.5000E+03 .1936E+01 .1383E+01 .2875E+00 .1389E+01
.5010E+03 .1903E+01 .1360E+01 .2812E+00 .1364E+01
.5020E+03 .1881E+01 .1345E+01 .2763E+00 .1346E+01
.5030E+03 .1965E+01 .1403E+01 .2868E+00 .1404E+01
.5040E+03 .1937E+01 .1378E+01 .2797E+00 .1377E+01
.5050E+03 .1987E+01 .1420E+01 .2873E+00 .1418E+01
.5060E+03 .2052E+01 .1469E+01 .2958E+00 .1465E+01
.5070E+03 .1952E+01 .1399E+01 .2807E+00 .1394E+01
.5080E+03 .1884E+01 .1355E+01 .2708E+00 .1349E+01
.5090E+03 .1933E+01 .1392E+01 .2772E+00 .1385E+01
.5100E+03 .1919E+01 .1384E+01 .2746E+00 .1376E+01
.5110E+03 .1966E+01 .1421E+01 .2808E+00 .1412E+01
.5120E+03 .1985E+01 .1437E+01 .2829E+00 .1427E+01
.5130E+03 .1877E+01 .1362E+01 .2670E+00 .1351E+01
.5140E+03 .1862E+01 .1353E+01 .2643E+00 .1341E+01
.5150E+03 .1843E+01 .1340E+01 .2608E+00 .1328E+01
.5160E+03 .1839E+01 .1339E+01 .2595E+00 .1325E+01
.5170E+03 .1633E+01 .1190E+01 .2298E+00 .1177E+01
.5180E+03 .1717E+01 .1253E+01 .2408E+00 .1238E+01
.5190E+03 .1801E+01 .1315E+01 .2518E+00 .1298E+01
.5200E+03 .1867E+01 .1364E+01 .2602E+00 .1346E+01
.5210E+03 .1885E+01 .1378E+01 .2617E+00 .1359E+01
.5220E+03 .1889E+01 .1381E+01 .2611E+00 .1360E+01
.5230E+03 .1855E+01 .1358E+01 .2557E+00 .1337E+01
.5240E+03 .1925E+01 .1409E+01 .2641E+00 .1386E+01
.5250E+03 .1952E+01 .1428E+01 .2664E+00 .1403E+01
.5260E+03 .1865E+01 .1366E+01 .2536E+00 .1341E+01
.5270E+03 .1761E+01 .1289E+01 .2383E+00 .1264E+01
.5280E+03 .1865E+01 .1365E+01 .2511E+00 .1337E+01
.5290E+03 .1969E+01 .1440E+01 .2636E+00 .1410E+01
.5300E+03 .1942E+01 .1421E+01 .2589E+00 .1390E+01
.5310E+03 .1972E+01 .1444E+01 .2619E+00 .1411E+01
.5320E+03 .1905E+01 .1396E+01 .2520E+00 .1363E+01
.5330E+03 .1848E+01 .1356E+01 .2437E+00 .1323E+01
.5340E+03 .1902E+01 .1397E+01 .2499E+00 .1362E+01
.5350E+03 .1941E+01 .1427E+01 .2542E+00 .1390E+01
.5360E+03 .1957E+01 .1441E+01 .2554E+00 .1402E+01
.5370E+03 .1877E+01 .1384E+01 .2444E+00 .1346E+01
.5380E+03 .1910E+01 .1410E+01 .2478E+00 .1370E+01
.5390E+03 .1894E+01 .1400E+01 .2448E+00 .1359E+01
.5400E+03 .1816E+01 .1343E+01 .2339E+00 .1303E+01
.5410E+03 .1834E+01 .1356E+01 .2348E+00 .1314E+01
.5420E+03 .1895E+01 .1401E+01 .2413E+00 .1356E+01
.5430E+03 .1869E+01 .1385E+01 .2376E+00 .1340E+01
.5440E+03 .1907E+01 .1412E+01 .2410E+00 .1365E+01
.5450E+03 .1900E+01 .1407E+01 .2391E+00 .1359E+01
.5460E+03 .1913E+01 .1416E+01 .2393E+00 .1366E+01
.5470E+03 .1908E+01 .1414E+01 .2378E+00 .1363E+01
.5480E+03 .1882E+01 .1396E+01 .2338E+00 .1345E+01
.5490E+03 .1886E+01 .1401E+01 .2336E+00 .1349E+01
.5500E+03 .1909E+01 .1420E+01 .2356E+00 .1366E+01
.5510E+03 .1884E+01 .1403E+01 .2319E+00 .1349E+01
.5520E+03 .1898E+01 .1414E+01 .2325E+00 .1358E+01
.5530E+03 .1864E+01 .1390E+01 .2274E+00 .1334E+01
.5540E+03 .1910E+01 .1424E+01 .2318E+00 .1365E+01
.5550E+03 .1915E+01 .1428E+01 .2312E+00 .1368E+01
.5560E+03 .1891E+01 .1410E+01 .2272E+00 .1350E+01
.5570E+03 .1833E+01 .1368E+01 .2193E+00 .1308E+01
.5580E+03 .1822E+01 .1359E+01 .2167E+00 .1298E+01
.5590E+03 .1791E+01 .1335E+01 .2117E+00 .1274E+01
.5600E+03 .1815E+01 .1354E+01 .2135E+00 .1291E+01
.5610E+03 .1841E+01 .1374E+01 .2155E+00 .1309E+01
.5620E+03 .1831E+01 .1366E+01 .2131E+00 .1300E+01
.5630E+03 .1885E+01 .1406E+01 .2181E+00 .1337E+01
.5640E+03 .1837E+01 .1370E+01 .2114E+00 .1301E+01
.5650E+03 .1824E+01 .1360E+01 .2087E+00 .1291E+01
.5660E+03 .1800E+01 .1342E+01 .2048E+00 .1273E+01
.5670E+03 .1838E+01 .1370E+01 .2078E+00 .1298E+01
.5680E+03 .1832E+01 .1363E+01 .2055E+00 .1290E+01
.5690E+03 .1810E+01 .1341E+01 .2007E+00 .1268E+01
.5700E+03 .1806E+01 .1339E+01 .1996E+00 .1266E+01
.5710E+03 .1789E+01 .1329E+01 .1972E+00 .1255E+01
.5720E+03 .1846E+01 .1368E+01 .2017E+00 .1291E+01
.5730E+03 .1868E+01 .1385E+01 .2031E+00 .1305E+01
.5740E+03 .1865E+01 .1383E+01 .2018E+00 .1302E+01
.5750E+03 .1835E+01 .1360E+01 .1974E+00 .1280E+01
.5760E+03 .1818E+01 .1348E+01 .1948E+00 .1268E+01
.5770E+03 .1836E+01 .1363E+01 .1960E+00 .1281E+01
.5780E+03 .1803E+01 .1341E+01 .1921E+00 .1260E+01
.5790E+03 .1801E+01 .1344E+01 .1918E+00 .1261E+01
.5800E+03 .1821E+01 .1364E+01 .1940E+00 .1280E+01
.5810E+03 .1820E+01 .1367E+01 .1939E+00 .1282E+01
.5820E+03 .1845E+01 .1391E+01 .1965E+00 .1303E+01
.5830E+03 .1842E+01 .1392E+01 .1961E+00 .1304E+01
.5840E+03 .1853E+01 .1404E+01 .1969E+00 .1314E+01
.5850E+03 .1805E+01 .1369E+01 .1912E+00 .1281E+01
.5860E+03 .1768E+01 .1341E+01 .1865E+00 .1254E+01
.5870E+03 .1813E+01 .1373E+01 .1899E+00 .1283E+01
.5880E+03 .1796E+01 .1351E+01 .1857E+00 .1261E+01
.5890E+03 .1649E+01 .1221E+01 .1660E+00 .1138E+01
.5900E+03 .1719E+01 .1276E+01 .1729E+00 .1188E+01
.5910E+03 .1785E+01 .1336E+01 .1808E+00 .1244E+01
.5920E+03 .1783E+01 .1329E+01 .1789E+00 .1237E+01
.5930E+03 .1787E+01 .1339E+01 .1798E+00 .1246E+01
.5940E+03 .1784E+01 .1336E+01 .1785E+00 .1242E+01
.5950E+03 .1755E+01 .1311E+01 .1742E+00 .1217E+01
.5960E+03 .1782E+01 .1344E+01 .1785E+00 .1248E+01
.5970E+03 .1770E+01 .1334E+01 .1763E+00 .1238E+01
.5980E+03 .1754E+01 .1327E+01 .1749E+00 .1231E+01
.5990E+03 .1749E+01 .1327E+01 .1743E+00 .1230E+01
.6000E+03 .1740E+01 .1324E+01 .1735E+00 .1228E+01
.6010E+03 .1718E+01 .1310E+01 .1711E+00 .1214E+01
.6020E+03 .1705E+01 .1301E+01 .1691E+00 .1204E+01
.6030E+03 .1730E+01 .1321E+01 .1710E+00 .1222E+01
.6040E+03 .1757E+01 .1342E+01 .1730E+00 .1241E+01
.6050E+03 .1746E+01 .1335E+01 .1714E+00 .1234E+01
.6060E+03 .1735E+01 .1331E+01 .1703E+00 .1229E+01
.6070E+03 .1748E+01 .1345E+01 .1716E+00 .1242E+01
.6080E+03 .1725E+01 .1331E+01 .1692E+00 .1228E+01
.6090E+03 .1725E+01 .1333E+01 .1690E+00 .1230E+01
.6100E+03 .1709E+01 .1323E+01 .1670E+00 .1220E+01
.6110E+03 .1716E+01 .1330E+01 .1675E+00 .1226E+01
.6120E+03 .1709E+01 .1326E+01 .1663E+00 .1222E+01
.6130E+03 .1686E+01 .1309E+01 .1637E+00 .1206E+01
.6140E+03 .1660E+01 .1291E+01 .1609E+00 .1189E+01
.6150E+03 .1693E+01 .1320E+01 .1639E+00 .1214E+01
.6160E+03 .1635E+01 .1276E+01 .1580E+00 .1174E+01
.6170E+03 .1630E+01 .1274E+01 .1571E+00 .1171E+01
.6180E+03 .1691E+01 .1323E+01 .1626E+00 .1215E+01
.6190E+03 .1673E+01 .1310E+01 .1604E+00 .1203E+01
.6200E+03 .1684E+01 .1318E+01 .1608E+00 .1210E+01
.6210E+03 .1689E+01 .1319E+01 .1601E+00 .1210E+01
.6220E+03 .1673E+01 .1297E+01 .1564E+00 .1188E+01
.6230E+03 .1651E+01 .1271E+01 .1522E+00 .1163E+01
.6240E+03 .1620E+01 .1253E+01 .1498E+00 .1147E+01
.6250E+03 .1616E+01 .1258E+01 .1502E+00 .1151E+01
.6260E+03 .1641E+01 .1280E+01 .1524E+00 .1171E+01
.6270E+03 .1668E+01 .1300E+01 .1541E+00 .1189E+01
.6280E+03 .1666E+01 .1256E+01 .1465E+00 .1146E+01
.6290E+03 .1666E+01 .1286E+01 .1508E+00 .1174E+01
.6300E+03 .1631E+01 .1259E+01 .1471E+00 .1149E+01
.6310E+03 .1632E+01 .1276E+01 .1493E+00 .1165E+01
.6320E+03 .1607E+01 .1262E+01 .1474E+00 .1152E+01
.6330E+03 .1641E+01 .1298E+01 .1514E+00 .1185E+01
.6340E+03 .1614E+01 .1282E+01 .1492E+00 .1170E+01
.6350E+03 .1634E+01 .1301E+01 .1509E+00 .1186E+01
.6360E+03 .1606E+01 .1281E+01 .1482E+00 .1168E+01
.6370E+03 .1628E+01 .1300E+01 .1499E+00 .1185E+01
.6380E+03 .1636E+01 .1310E+01 .1506E+00 .1193E+01
.6390E+03 .1614E+01 .1295E+01 .1485E+00 .1179E+01
.6400E+03 .1594E+01 .1282E+01 .1466E+00 .1167E+01
.6410E+03 .1590E+01 .1282E+01 .1460E+00 .1166E+01
.6420E+03 .1579E+01 .1275E+01 .1448E+00 .1160E+01
.6430E+03 .1600E+01 .1293E+01 .1464E+00 .1175E+01
.6440E+03 .1591E+01 .1288E+01 .1453E+00 .1170E+01
.6450E+03 .1596E+01 .1292E+01 .1453E+00 .1174E+01
.6460E+03 .1572E+01 .1270E+01 .1422E+00 .1153E+01
.6470E+03 .1580E+01 .1269E+01 .1412E+00 .1151E+01
.6480E+03 .1594E+01 .1275E+01 .1413E+00 .1156E+01
.6490E+03 .1563E+01 .1251E+01 .1382E+00 .1134E+01
.6500E+03 .1532E+01 .1240E+01 .1370E+00 .1124E+01
.6510E+03 .1589E+01 .1291E+01 .1423E+00 .1170E+01
.6520E+03 .1571E+01 .1260E+01 .1378E+00 .1141E+01
.6530E+03 .1569E+01 .1275E+01 .1396E+00 .1155E+01
.6540E+03 .1546E+01 .1259E+01 .1375E+00 .1140E+01
.6550E+03 .1512E+01 .1223E+01 .1328E+00 .1106E+01
.6560E+03 .1323E+01 .1077E+01 .1167E+00 .9740E+00
.6570E+03 .1359E+01 .1106E+01 .1194E+00 .9995E+00
.6580E+03 .1512E+01 .1234E+01 .1328E+00 .1115E+01
.6590E+03 .1516E+01 .1237E+01 .1328E+00 .1118E+01
.6600E+03 .1520E+01 .1236E+01 .1320E+00 .1116E+01
.6610E+03 .1530E+01 .1233E+01 .1308E+00 .1113E+01
.6620E+03 .1540E+01 .1230E+01 .1295E+00 .1108E+01
.6630E+03 .1507E+01 .1210E+01 .1273E+00 .1091E+01
.6640E+03 .1515E+01 .1231E+01 .1296E+00 .1109E+01
.6650E+03 .1509E+01 .1235E+01 .1300E+00 .1113E+01
.6660E+03 .1507E+01 .1240E+01 .1304E+00 .1118E+01
.6670E+03 .1502E+01 .1242E+01 .1303E+00 .1119E+01
.6680E+03 .1499E+01 .1243E+01 .1302E+00 .1119E+01
.6690E+03 .1520E+01 .1263E+01 .1319E+00 .1137E+01
.6700E+03 .1512E+01 .1258E+01 .1311E+00 .1132E+01
.6710E+03 .1510E+01 .1257E+01 .1307E+00 .1132E+01
.6720E+03 .1496E+01 .1247E+01 .1293E+00 .1122E+01
.6730E+03 .1517E+01 .1266E+01 .1309E+00 .1138E+01
.6740E+03 .1510E+01 .1261E+01 .1301E+00 .1134E+01
.6750E+03 .1495E+01 .1250E+01 .1285E+00 .1124E+01
.6760E+03 .1504E+01 .1259E+01 .1291E+00 .1131E+01
.6770E+03 .1488E+01 .1246E+01 .1274E+00 .1119E+01
.6780E+03 .1491E+01 .1249E+01 .1274E+00 .1122E+01
.6790E+03 .1466E+01 .1229E+01 .1250E+00 .1103E+01
.6800E+03 .1477E+01 .1239E+01 .1258E+00 .1112E+01
.6810E+03 .1467E+01 .1232E+01 .1247E+00 .1105E+01
.6820E+03 .1465E+01 .1231E+01 .1244E+00 .1104E+01
.6830E+03 .1462E+01 .1230E+01 .1239E+00 .1103E+01
.6840E+03 .1455E+01 .1224E+01 .1231E+00 .1098E+01
.6850E+03 .1466E+01 .1235E+01 .1239E+00 .1107E+01
.6860E+03 .1459E+01 .1229E+01 .1230E+00 .1101E+01
.6870E+03 .1477E+01 .1003E+01 .9215E-01 .8908E+00
.6880E+03 .1460E+01 .1082E+01 .1026E+00 .9641E+00
.6890E+03 .1457E+01 .1084E+01 .1026E+00 .9652E+00
.6900E+03 .1447E+01 .1107E+01 .1059E+00 .9873E+00
.6910E+03 .1436E+01 .1133E+01 .1095E+00 .1012E+01
.6920E+03 .1423E+01 .1152E+01 .1122E+00 .1029E+01
.6930E+03 .1425E+01 .1151E+01 .1122E+00 .1029E+01
.6940E+03 .1429E+01 .1151E+01 .1121E+00 .1028E+01
.6950E+03 .1429E+01 .1174E+01 .1151E+00 .1049E+01
.6960E+03 .1441E+01 .1178E+01 .1155E+00 .1053E+01
.6970E+03 .1435E+01 .1210E+01 .1197E+00 .1082E+01
.6980E+03 .1415E+01 .1192E+01 .1179E+00 .1067E+01
.6990E+03 .1434E+01 .1190E+01 .1171E+00 .1064E+01
.7000E+03 .1416E+01 .1176E+01 .1158E+00 .1052E+01
.7010E+03 .1413E+01 .1171E+01 .1152E+00 .1047E+01
.7020E+03 .1405E+01 .1171E+01 .1156E+00 .1048E+01
.7030E+03 .1411E+01 .1174E+01 .1159E+00 .1050E+01
.7040E+03 .1425E+01 .1197E+01 .1186E+00 .1071E+01
.7050E+03 .1427E+01 .1200E+01 .1191E+00 .1074E+01
.7060E+03 .1413E+01 .1193E+01 .1187E+00 .1069E+01
.7070E+03 .1410E+01 .1193E+01 .1189E+00 .1069E+01
.7080E+03 .1413E+01 .1196E+01 .1194E+00 .1072E+01
.7090E+03 .1399E+01 .1190E+01 .1191E+00 .1066E+01
.7100E+03 .1406E+01 .1194E+01 .1196E+00 .1070E+01
.7110E+03 .1399E+01 .1190E+01 .1194E+00 .1067E+01
.7120E+03 .1388E+01 .1184E+01 .1190E+00 .1061E+01
.7130E+03 .1380E+01 .1175E+01 .1183E+00 .1054E+01
.7140E+03 .1385E+01 .1180E+01 .1189E+00 .1058E+01
.7150E+03 .1359E+01 .1152E+01 .1161E+00 .1033E+01
.7160E+03 .1366E+01 .1157E+01 .1167E+00 .1037E+01
.7170E+03 .1385E+01 .1092E+01 .1074E+00 .9765E+00
.7180E+03 .1363E+01 .1037E+01 .1017E+00 .9275E+00
.7190E+03 .1337E+01 .9704E+00 .9453E-01 .8669E+00
.7200E+03 .1364E+01 .1014E+01 .9915E-01 .9066E+00
.7210E+03 .1349E+01 .1055E+01 .1050E+00 .9449E+00
.7220E+03 .1347E+01 .1133E+01 .1151E+00 .1017E+01
.7230E+03 .1360E+01 .1096E+01 .1102E+00 .9823E+00
.7240E+03 .1349E+01 .1033E+01 .1026E+00 .9248E+00
.7250E+03 .1339E+01 .1029E+01 .1022E+00 .9211E+00
.7260E+03 .1341E+01 .1059E+01 .1056E+00 .9481E+00
.7270E+03 .1351E+01 .1061E+01 .1064E+00 .9508E+00
.7280E+03 .1326E+01 .1028E+01 .1022E+00 .9204E+00
.7290E+03 .1299E+01 .1031E+01 .1035E+00 .9239E+00
.7300E+03 .1331E+01 .1080E+01 .1090E+00 .9684E+00
.7310E+03 .1321E+01 .1047E+01 .1051E+00 .9389E+00
.7320E+03 .1324E+01 .1085E+01 .1103E+00 .9739E+00
.7330E+03 .1320E+01 .1113E+01 .1143E+00 .1000E+01
.7340E+03 .1334E+01 .1131E+01 .1165E+00 .1017E+01
.7350E+03 .1315E+01 .1112E+01 .1144E+00 .9999E+00
.7360E+03 .1309E+01 .1111E+01 .1143E+00 .9984E+00
.7370E+03 .1319E+01 .1117E+01 .1149E+00 .1004E+01
.7380E+03 .1297E+01 .1115E+01 .1154E+00 .1003E+01
.7390E+03 .1275E+01 .1095E+01 .1132E+00 .9846E+00
.7400E+03 .1294E+01 .1117E+01 .1156E+00 .1004E+01
.7410E+03 .1273E+01 .1102E+01 .1141E+00 .9909E+00
.7420E+03 .1267E+01 .1099E+01 .1139E+00 .9890E+00
.7430E+03 .1297E+01 .1127E+01 .1166E+00 .1013E+01
.7440E+03 .1289E+01 .1121E+01 .1160E+00 .1008E+01
.7450E+03 .1286E+01 .1120E+01 .1158E+00 .1007E+01
.7460E+03 .1292E+01 .1125E+01 .1162E+00 .1012E+01
.7470E+03 .1294E+01 .1128E+01 .1163E+00 .1014E+01
.7480E+03 .1291E+01 .1126E+01 .1159E+00 .1012E+01
.7490E+03 .1276E+01 .1113E+01 .1144E+00 .1000E+01
.7500E+03 .1275E+01 .1113E+01 .1142E+00 .9997E+00
.7510E+03 .1262E+01 .1102E+01 .1129E+00 .9897E+00
.7520E+03 .1267E+01 .1107E+01 .1132E+00 .9940E+00
.7530E+03 .1273E+01 .1112E+01 .1136E+00 .9990E+00
.7540E+03 .1276E+01 .1115E+01 .1137E+00 .1001E+01
.7550E+03 .1269E+01 .1110E+01 .1129E+00 .9960E+00
.7560E+03 .1268E+01 .1109E+01 .1126E+00 .9955E+00
.7570E+03 .1270E+01 .1111E+01 .1126E+00 .9971E+00
.7580E+03 .1255E+01 .1098E+01 .1110E+00 .9851E+00
.7590E+03 .1251E+01 .1086E+01 .1091E+00 .9735E+00
.7600E+03 .1251E+01 .4317E+00 .2873E-01 .3723E+00
.7610E+03 .1247E+01 .3090E+00 .1779E-01 .2637E+00
.7620E+03 .1225E+01 .7630E+00 .6553E-01 .6729E+00
.7630E+03 .1248E+01 .5374E+00 .3910E-01 .4668E+00
.7640E+03 .1241E+01 .6626E+00 .5288E-01 .5803E+00
.7650E+03 .1228E+01 .7642E+00 .6511E-01 .6734E+00
.7660E+03 .1178E+01 .8322E+00 .7486E-01 .7372E+00
.7670E+03 .1218E+01 .9533E+00 .8959E-01 .8484E+00
.7680E+03 .1223E+01 .1029E+01 .9959E-01 .9182E+00
.7690E+03 .1211E+01 .1035E+01 .1007E+00 .9243E+00
.7700E+03 .1211E+01 .1053E+01 .1030E+00 .9411E+00
.7710E+03 .1203E+01 .1054E+01 .1032E+00 .9423E+00
.7720E+03 .1200E+01 .1054E+01 .1031E+00 .9423E+00
.7730E+03 .1207E+01 .1061E+01 .1036E+00 .9483E+00
.7740E+03 .1200E+01 .1056E+01 .1028E+00 .9433E+00
.7750E+03 .1190E+01 .1048E+01 .1018E+00 .9357E+00
.7760E+03 .1204E+01 .1061E+01 .1028E+00 .9469E+00
.7770E+03 .1188E+01 .1047E+01 .1012E+00 .9343E+00
.7780E+03 .1181E+01 .1041E+01 .1003E+00 .9287E+00
.7790E+03 .1182E+01 .1042E+01 .1002E+00 .9295E+00
.7800E+03 .1175E+01 .1036E+01 .9942E-01 .9241E+00
.7810E+03 .1176E+01 .1037E+01 .9930E-01 .9250E+00
.7820E+03 .1183E+01 .1044E+01 .9971E-01 .9307E+00
.7830E+03 .1162E+01 .1026E+01 .9776E-01 .9144E+00
.7840E+03 .1167E+01 .1031E+01 .9800E-01 .9186E+00
.7850E+03 .1160E+01 .1025E+01 .9714E-01 .9126E+00
.7860E+03 .1174E+01 .1037E+01 .9805E-01 .9234E+00
.7870E+03 .1169E+01 .1028E+01 .9671E-01 .9147E+00
.7880E+03 .1163E+01 .1020E+01 .9559E-01 .9071E+00
.7890E+03 .1169E+01 .1022E+01 .9554E-01 .9091E+00
.7900E+03 .1167E+01 .1009E+01 .9361E-01 .8966E+00
.7910E+03 .1151E+01 .1005E+01 .9341E-01 .8932E+00
.7920E+03 .1140E+01 .9961E+00 .9240E-01 .8852E+00
.7930E+03 .1125E+01 .9817E+00 .9079E-01 .8722E+00
.7940E+03 .1112E+01 .9837E+00 .9119E-01 .8741E+00
.7950E+03 .1138E+01 .1004E+01 .9276E-01 .8921E+00
.7960E+03 .1142E+01 .9923E+00 .9083E-01 .8806E+00
.7970E+03 .1141E+01 .9937E+00 .9079E-01 .8817E+00
.7980E+03 .1140E+01 .1006E+01 .9219E-01 .8928E+00
.7990E+03 .1141E+01 .1003E+01 .9163E-01 .8903E+00
.8000E+03 .1131E+01 .9910E+00 .9016E-01 .8789E+00
.8010E+03 .1134E+01 .9915E+00 .8986E-01 .8790E+00
.8020E+03 .1129E+01 .9884E+00 .8939E-01 .8761E+00
.8030E+03 .1124E+01 .9832E+00 .8865E-01 .8712E+00
.8040E+03 .1122E+01 .9829E+00 .8845E-01 .8708E+00
.8050E+03 .1108E+01 .9749E+00 .8767E-01 .8636E+00
.8060E+03 .1123E+01 .9944E+00 .8946E-01 .8809E+00
.8070E+03 .1114E+01 .9846E+00 .8829E-01 .8720E+00
.8080E+03 .1112E+01 .9844E+00 .8809E-01 .8716E+00
.8090E+03 .1103E+01 .9723E+00 .8662E-01 .8605E+00
.8100E+03 .1106E+01 .9709E+00 .8616E-01 .8589E+00
.8110E+03 .1117E+01 .9781E+00 .8641E-01 .8649E+00
.8120E+03 .1118E+01 .9641E+00 .8447E-01 .8519E+00
.8130E+03 .1120E+01 .9547E+00 .8309E-01 .8430E+00
.8140E+03 .1113E+01 .8916E+00 .7569E-01 .7853E+00
.8150E+03 .1107E+01 .8878E+00 .7524E-01 .7819E+00
.8160E+03 .1105E+01 .8474E+00 .7130E-01 .7458E+00
.8170E+03 .1101E+01 .8533E+00 .7183E-01 .7510E+00
.8180E+03 .1079E+01 .8321E+00 .6964E-01 .7320E+00
.8190E+03 .1073E+01 .8798E+00 .7481E-01 .7750E+00
.8200E+03 .1066E+01 .8487E+00 .7139E-01 .7469E+00
.8210E+03 .1065E+01 .9242E+00 .7946E-01 .8150E+00
.8220E+03 .1067E+01 .9106E+00 .7780E-01 .8026E+00
.8230E+03 .1078E+01 .7393E+00 .5897E-01 .6474E+00
.8240E+03 .1075E+01 .9049E+00 .7651E-01 .7968E+00
.8250E+03 .1072E+01 .9158E+00 .7780E-01 .8067E+00
.8260E+03 .1080E+01 .9017E+00 .7579E-01 .7935E+00
.8270E+03 .1078E+01 .9283E+00 .7861E-01 .8174E+00
.8280E+03 .1072E+01 .8486E+00 .6994E-01 .7454E+00
.8290E+03 .1065E+01 .8930E+00 .7475E-01 .7855E+00
.8300E+03 .1062E+01 .8878E+00 .7403E-01 .7806E+00
.8310E+03 .1056E+01 .8878E+00 .7395E-01 .7806E+00
.8320E+03 .1059E+01 .8737E+00 .7226E-01 .7677E+00
.8330E+03 .1026E+01 .8912E+00 .7448E-01 .7838E+00
.8340E+03 .1031E+01 .8775E+00 .7260E-01 .7711E+00
.8350E+03 .1047E+01 .9264E+00 .7760E-01 .8150E+00
.8360E+03 .1052E+01 .9089E+00 .7525E-01 .7987E+00
.8370E+03 .1047E+01 .9279E+00 .7741E-01 .8160E+00
.8380E+03 .1031E+01 .9081E+00 .7536E-01 .7982E+00
.8390E+03 .1028E+01 .9127E+00 .7582E-01 .8023E+00
.8400E+03 .1045E+01 .9304E+00 .7719E-01 .8177E+00
.8410E+03 .1039E+01 .9216E+00 .7616E-01 .8097E+00
.8420E+03 .1030E+01 .9176E+00 .7581E-01 .8061E+00
.8430E+03 .1018E+01 .9110E+00 .7525E-01 .8004E+00
.8440E+03 .1011E+01 .9023E+00 .7428E-01 .7924E+00
.8450E+03 .1035E+01 .9277E+00 .7632E-01 .8147E+00
.8460E+03 .1029E+01 .9230E+00 .7578E-01 .8104E+00
.8470E+03 .1006E+01 .9040E+00 .7409E-01 .7936E+00
.8480E+03 .1005E+01 .9013E+00 .7363E-01 .7910E+00
.8490E+03 .9767E+00 .8759E+00 .7139E-01 .7686E+00
.8500E+03 .9347E+00 .8389E+00 .6823E-01 .7360E+00
.8510E+03 .9957E+00 .8913E+00 .7224E-01 .7817E+00
.8520E+03 .9862E+00 .8840E+00 .7152E-01 .7752E+00
.8530E+03 .9445E+00 .8486E+00 .6856E-01 .7440E+00
.8540E+03 .8194E+00 .7350E+00 .5920E-01 .6442E+00
.8550E+03 .8947E+00 .8047E+00 .6474E-01 .7052E+00
.8560E+03 .9801E+00 .8809E+00 .7069E-01 .7718E+00
.8570E+03 .9983E+00 .8987E+00 .7201E-01 .7873E+00
.8580E+03 .9923E+00 .8931E+00 .7138E-01 .7823E+00
.8590E+03 .9912E+00 .8930E+00 .7125E-01 .7820E+00
.8600E+03 .9914E+00 .8939E+00 .7118E-01 .7827E+00
.8610E+03 .9865E+00 .8895E+00 .7067E-01 .7787E+00
.8620E+03 .1001E+01 .9032E+00 .7161E-01 .7905E+00
.8630E+03 .1025E+01 .9248E+00 .7316E-01 .8092E+00
.8640E+03 .9734E+00 .8786E+00 .6936E-01 .7687E+00
.8650E+03 .9645E+00 .8709E+00 .6861E-01 .7618E+00
.8660E+03 .8672E+00 .7832E+00 .6156E-01 .6850E+00
.8670E+03 .9049E+00 .8175E+00 .6412E-01 .7148E+00
.8680E+03 .9845E+00 .8897E+00 .6963E-01 .7778E+00
.8690E+03 .9639E+00 .8713E+00 .6804E-01 .7615E+00
.8700E+03 .9912E+00 .8963E+00 .6984E-01 .7832E+00
.8710E+03 .9778E+00 .8843E+00 .6875E-01 .7726E+00
.8720E+03 .9741E+00 .8812E+00 .6836E-01 .7697E+00
.8730E+03 .9721E+00 .8796E+00 .6808E-01 .7682E+00
.8740E+03 .9605E+00 .8692E+00 .6714E-01 .7590E+00
.8750E+03 .9412E+00 .8519E+00 .6565E-01 .7437E+00
.8760E+03 .9514E+00 .8611E+00 .6621E-01 .7516E+00
.8770E+03 .9606E+00 .8698E+00 .6673E-01 .7590E+00
.8780E+03 .9720E+00 .8799E+00 .6735E-01 .7677E+00
.8790E+03 .9568E+00 .8664E+00 .6617E-01 .7558E+00
.8800E+03 .9361E+00 .8479E+00 .6462E-01 .7395E+00
.8810E+03 .9248E+00 .8368E+00 .6360E-01 .7297E+00
.8820E+03 .9454E+00 .8554E+00 .6485E-01 .7457E+00
.8830E+03 .9466E+00 .8572E+00 .6487E-01 .7472E+00
.8840E+03 .9427E+00 .8537E+00 .6445E-01 .7440E+00
.8850E+03 .9498E+00 .8603E+00 .6480E-01 .7496E+00
.8860E+03 .9143E+00 .8249E+00 .6188E-01 .7184E+00
.8870E+03 .9175E+00 .8303E+00 .6223E-01 .7231E+00
.8880E+03 .9374E+00 .8458E+00 .6318E-01 .7364E+00
.8890E+03 .9377E+00 .8503E+00 .6349E-01 .7403E+00
.8900E+03 .9404E+00 .8488E+00 .6312E-01 .7387E+00
.8910E+03 .9333E+00 .8451E+00 .6278E-01 .7354E+00
.8920E+03 .9184E+00 .8268E+00 .6113E-01 .7192E+00
.8930E+03 .9129E+00 .8112E+00 .5954E-01 .7052E+00
.8940E+03 .9151E+00 .7986E+00 .5805E-01 .6937E+00
.8950E+03 .9115E+00 .7770E+00 .5582E-01 .6743E+00
.8960E+03 .9249E+00 .7563E+00 .5382E-01 .6558E+00
.8970E+03 .9110E+00 .6914E+00 .4810E-01 .5984E+00
.8980E+03 .9148E+00 .7266E+00 .5102E-01 .6294E+00
.8990E+03 .9121E+00 .6100E+00 .4082E-01 .5263E+00
.9000E+03 .8913E+00 .7234E+00 .5099E-01 .6268E+00
.9010E+03 .8606E+00 .6290E+00 .4276E-01 .5434E+00
.9020E+03 .8694E+00 .6791E+00 .4719E-01 .5877E+00
.9030E+03 .9025E+00 .6990E+00 .4819E-01 .6045E+00
.9040E+03 .9115E+00 .7986E+00 .5693E-01 .6926E+00
.9050E+03 .9089E+00 .7821E+00 .5531E-01 .6778E+00
.9060E+03 .8878E+00 .7441E+00 .5219E-01 .6445E+00
.9070E+03 .8951E+00 .6652E+00 .4506E-01 .5745E+00
.9080E+03 .8793E+00 .6699E+00 .4553E-01 .5787E+00
.9090E+03 .8614E+00 .6939E+00 .4776E-01 .6001E+00
.9100E+03 .8784E+00 .6621E+00 .4422E-01 .5712E+00
.9110E+03 .8738E+00 .6767E+00 .4557E-01 .5842E+00
.9120E+03 .8750E+00 .6952E+00 .4730E-01 .6006E+00
.9130E+03 .8943E+00 .6724E+00 .4456E-01 .5798E+00
.9140E+03 .8836E+00 .6623E+00 .4411E-01 .5713E+00
.9150E+03 .8763E+00 .6985E+00 .4678E-01 .6027E+00
.9160E+03 .8801E+00 .6245E+00 .4095E-01 .5380E+00
.9170E+03 .8677E+00 .7182E+00 .4859E-01 .6202E+00
.9180E+03 .8719E+00 .6373E+00 .4178E-01 .5491E+00
.9190E+03 .8749E+00 .7253E+00 .4901E-01 .6263E+00
.9200E+03 .8642E+00 .7187E+00 .4887E-01 .6210E+00
.9210E+03 .8426E+00 .7301E+00 .4985E-01 .6310E+00
.9220E+03 .8394E+00 .6881E+00 .4599E-01 .5937E+00
.9230E+03 .8163E+00 .7061E+00 .4799E-01 .6100E+00
.9240E+03 .8422E+00 .7012E+00 .4679E-01 .6049E+00
.9250E+03 .8420E+00 .6921E+00 .4595E-01 .5968E+00
.9260E+03 .8312E+00 .6940E+00 .4612E-01 .5985E+00
.9270E+03 .8577E+00 .7455E+00 .5017E-01 .6435E+00
.9280E+03 .8591E+00 .6410E+00 .4071E-01 .5509E+00
.9290E+03 .8477E+00 .6058E+00 .3773E-01 .5199E+00
.9300E+03 .8521E+00 .5436E+00 .3278E-01 .4655E+00
.9310E+03 .8521E+00 .5012E+00 .2996E-01 .4289E+00
.9320E+03 .8476E+00 .4149E+00 .2364E-01 .3539E+00
.9330E+03 .8508E+00 .3756E+00 .2065E-01 .3196E+00
.9340E+03 .8487E+00 .2895E+00 .1461E-01 .2450E+00
.9350E+03 .8387E+00 .3667E+00 .2053E-01 .3124E+00
.9360E+03 .8345E+00 .2777E+00 .1449E-01 .2355E+00
.9370E+03 .8405E+00 .2971E+00 .1541E-01 .2519E+00
.9380E+03 .8398E+00 .3393E+00 .1804E-01 .2881E+00
.9390E+03 .8337E+00 .4943E+00 .2913E-01 .4225E+00
.9400E+03 .8239E+00 .5530E+00 .3338E-01 .4735E+00
.9410E+03 .7940E+00 .4686E+00 .2714E-01 .4002E+00
.9420E+03 .8105E+00 .5067E+00 .2997E-01 .4333E+00
.9430E+03 .8204E+00 .3918E+00 .2198E-01 .3338E+00
.9440E+03 .8094E+00 .3813E+00 .2163E-01 .3251E+00
.9450E+03 .8175E+00 .4766E+00 .2734E-01 .4067E+00
.9460E+03 .8204E+00 .3122E+00 .1636E-01 .2648E+00
.9470E+03 .8222E+00 .4872E+00 .2771E-01 .4155E+00
.9480E+03 .8229E+00 .3867E+00 .2120E-01 .3290E+00
.9490E+03 .8222E+00 .5984E+00 .3571E-01 .5120E+00
.9500E+03 .8164E+00 .2816E+00 .1397E-01 .2381E+00
.9510E+03 .8120E+00 .5801E+00 .3441E-01 .4961E+00
.9520E+03 .8127E+00 .3968E+00 .2144E-01 .3373E+00
.9530E+03 .8053E+00 .4529E+00 .2517E-01 .3857E+00
.9540E+03 .7806E+00 .4960E+00 .2855E-01 .4234E+00
.9550E+03 .7674E+00 .4581E+00 .2585E-01 .3904E+00
.9560E+03 .7999E+00 .4283E+00 .2351E-01 .3644E+00
.9570E+03 .7937E+00 .3982E+00 .2123E-01 .3381E+00
.9580E+03 .8023E+00 .5171E+00 .3007E-01 .4416E+00
.9590E+03 .8031E+00 .4719E+00 .2641E-01 .4020E+00
.9600E+03 .7918E+00 .5122E+00 .2894E-01 .4366E+00
.9610E+03 .7956E+00 .5363E+00 .3084E-01 .4577E+00
.9620E+03 .7888E+00 .5201E+00 .2968E-01 .4437E+00
.9630E+03 .7849E+00 .5620E+00 .3277E-01 .4801E+00
.9640E+03 .7846E+00 .5288E+00 .3034E-01 .4512E+00
.9650E+03 .7814E+00 .5511E+00 .3202E-01 .4707E+00
.9660E+03 .7751E+00 .5599E+00 .3261E-01 .4783E+00
.9670E+03 .7819E+00 .5644E+00 .3281E-01 .4820E+00
.9680E+03 .7807E+00 .6464E+00 .3926E-01 .5537E+00
.9690E+03 .7802E+00 .6702E+00 .4072E-01 .5742E+00
.9700E+03 .7794E+00 .6389E+00 .3837E-01 .5469E+00
.9710E+03 .7770E+00 .6854E+00 .4200E-01 .5876E+00
.9720E+03 .7788E+00 .6661E+00 .4044E-01 .5706E+00
.9730E+03 .7706E+00 .6229E+00 .3695E-01 .5327E+00
.9740E+03 .7612E+00 .5996E+00 .3513E-01 .5124E+00
.9750E+03 .7704E+00 .6083E+00 .3593E-01 .5201E+00
.9760E+03 .7661E+00 .5984E+00 .3497E-01 .5113E+00
.9770E+03 .7644E+00 .6360E+00 .3791E-01 .5441E+00
.9780E+03 .7633E+00 .6207E+00 .3658E-01 .5306E+00
.9790E+03 .7569E+00 .6363E+00 .3779E-01 .5442E+00
.9800E+03 .7608E+00 .6120E+00 .3593E-01 .5230E+00
.9810E+03 .7649E+00 .6776E+00 .4071E-01 .5801E+00
.9820E+03 .7623E+00 .6612E+00 .3932E-01 .5656E+00
.9830E+03 .7568E+00 .6438E+00 .3797E-01 .5504E+00
.9840E+03 .7558E+00 .6825E+00 .4107E-01 .5843E+00
.9850E+03 .7564E+00 .6571E+00 .3888E-01 .5619E+00
.9860E+03 .7508E+00 .6867E+00 .4139E-01 .5879E+00
.9870E+03 .7493E+00 .6805E+00 .4080E-01 .5825E+00
.9880E+03 .7503E+00 .6801E+00 .4067E-01 .5820E+00
.9890E+03 .7385E+00 .6793E+00 .4082E-01 .5815E+00
.9900E+03 .7416E+00 .6745E+00 .4024E-01 .5771E+00
.9910E+03 .7429E+00 .6825E+00 .4083E-01 .5840E+00
.9920E+03 .7452E+00 .6855E+00 .4096E-01 .5865E+00
.9930E+03 .7432E+00 .6784E+00 .4031E-01 .5802E+00
.9940E+03 .7432E+00 .6844E+00 .4077E-01 .5855E+00
.9950E+03 .7399E+00 .6824E+00 .4060E-01 .5837E+00
.9960E+03 .7393E+00 .6810E+00 .4043E-01 .5825E+00
.9970E+03 .7390E+00 .6813E+00 .4039E-01 .5827E+00
.9980E+03 .7365E+00 .6786E+00 .4015E-01 .5803E+00
.9990E+03 .7331E+00 .6759E+00 .3993E-01 .5779E+00
.1000E+04 .7321E+00 .6734E+00 .3967E-01 .5757E+00
.1001E+04 .7366E+00 .6795E+00 .4001E-01 .5808E+00
.1002E+04 .7334E+00 .6695E+00 .3918E-01 .5721E+00
.1003E+04 .7246E+00 .6682E+00 .3921E-01 .5711E+00
.1004E+04 .7113E+00 .6541E+00 .3827E-01 .5589E+00
.1005E+04 .6792E+00 .6272E+00 .3670E-01 .5359E+00
.1006E+04 .7091E+00 .6534E+00 .3813E-01 .5582E+00
.1007E+04 .7221E+00 .6663E+00 .3884E-01 .5692E+00
.1008E+04 .7216E+00 .6646E+00 .3865E-01 .5676E+00
.1009E+04 .7212E+00 .6628E+00 .3844E-01 .5660E+00
.1010E+04 .7201E+00 .6610E+00 .3826E-01 .5644E+00
.1011E+04 .7180E+00 .6631E+00 .3841E-01 .5662E+00
.1012E+04 .7154E+00 .6592E+00 .3808E-01 .5627E+00
.1013E+04 .7154E+00 .6612E+00 .3818E-01 .5644E+00
.1014E+04 .7104E+00 .6566E+00 .3785E-01 .5605E+00
.1015E+04 .7063E+00 .6527E+00 .3756E-01 .5570E+00
.1016E+04 .7036E+00 .6500E+00 .3734E-01 .5547E+00
.1017E+04 .7058E+00 .6520E+00 .3739E-01 .5564E+00
.1018E+04 .7012E+00 .6486E+00 .3715E-01 .5534E+00
.1019E+04 .6927E+00 .6381E+00 .3643E-01 .5443E+00
.1020E+04 .6985E+00 .6458E+00 .3687E-01 .5509E+00
.1021E+04 .6964E+00 .6444E+00 .3674E-01 .5497E+00
.1022E+04 .6933E+00 .6407E+00 .3645E-01 .5464E+00
.1023E+04 .7013E+00 .6479E+00 .3679E-01 .5525E+00
.1024E+04 .6989E+00 .6431E+00 .3640E-01 .5482E+00
.1025E+04 .6984E+00 .6464E+00 .3661E-01 .5511E+00
.1026E+04 .6970E+00 .6445E+00 .3644E-01 .5494E+00
.1027E+04 .6952E+00 .6430E+00 .3630E-01 .5481E+00
.1028E+04 .6943E+00 .6420E+00 .3618E-01 .5472E+00
.1029E+04 .6866E+00 .6348E+00 .3571E-01 .5410E+00
.1030E+04 .6889E+00 .6379E+00 .3585E-01 .5436E+00
.1031E+04 .6872E+00 .6360E+00 .3568E-01 .5419E+00
.1032E+04 .6844E+00 .6338E+00 .3550E-01 .5400E+00
.1033E+04 .6743E+00 .6244E+00 .3492E-01 .5319E+00
.1034E+04 .6741E+00 .6244E+00 .3487E-01 .5318E+00
.1035E+04 .6762E+00 .6264E+00 .3492E-01 .5335E+00
.1036E+04 .6804E+00 .6301E+00 .3507E-01 .5366E+00
.1037E+04 .6690E+00 .6196E+00 .3443E-01 .5276E+00
.1038E+04 .6722E+00 .6227E+00 .3454E-01 .5301E+00
.1039E+04 .6722E+00 .6226E+00 .3448E-01 .5300E+00
.1040E+04 .6696E+00 .6202E+00 .3429E-01 .5279E+00
.1041E+04 .6728E+00 .6230E+00 .3439E-01 .5303E+00
.1042E+04 .6682E+00 .6188E+00 .3410E-01 .5266E+00
.1043E+04 .6664E+00 .6171E+00 .3395E-01 .5251E+00
.1044E+04 .6691E+00 .6195E+00 .3403E-01 .5271E+00
.1045E+04 .6604E+00 .6114E+00 .3352E-01 .5201E+00
.1046E+04 .6535E+00 .6049E+00 .3311E-01 .5146E+00
.1047E+04 .6598E+00 .6106E+00 .3337E-01 .5194E+00
.1048E+04 .6639E+00 .6143E+00 .3351E-01 .5224E+00
.1049E+04 .6620E+00 .6121E+00 .3333E-01 .5205E+00
.1050E+04 .6595E+00 .6095E+00 .3313E-01 .5183E+00
