Wvlgth Extraterrestrial_spectrm Direct_normal_irradiance Difuse_horizn_irradiance Global_horizn_irradiance
.2800E+03 .7851E-01 .4870E-17 .8234E-18 .5435E-17
.2805E+03 .1024E+00 .6715E-16 .1143E-16 .7502E-16
.2810E+03 .1717E+00 .2784E-15 .4631E-16 .3100E-15
.2815E+03 .2412E+00 .3825E-14 .6374E-15 .4260E-14
.2820E+03 .2918E+00 .1908E-13 .3133E-14 .2120E-13
.2825E+03 .3144E+00 .5328E-13 .8544E-14 .5900E-13
.2830E+03 .3431E+00 .1656E-12 .2593E-13 .1828E-12
.2835E+03 .3225E+00 .2614E-12 .3954E-13 .2871E-12
.2840E+03 .3213E+00 .2780E-11 .4203E-12 .3054E-11
.2845E+03 .2516E+00 .6605E-11 .1533E-11 .7788E-11
.2850E+03 .1186E+00 .1016E-10 .2700E-11 .1233E-10
.2855E+03 .1378E+00 .4742E-10 .1542E-10 .6034E-10
.2860E+03 .3008E+00 .1835E-09 .6378E-10 .2376E-09
.2865E+03 .3583E+00 .6934E-09 .3026E-09 .9593E-09
.2870E+03 .3780E+00 .1724E-08 .9238E-09 .2557E-08
.2875E+03 .3784E+00 .5252E-08 .4231E-08 .9205E-08
.2880E+03 .2506E+00 .1421E-07 .5783E-08 .1924E-07
.2885E+03 .3590E+00 .4341E-07 .1824E-07 .5935E-07
.2890E+03 .4204E+00 .1100E-06 .4792E-07 .1521E-06
.2895E+03 .4914E+00 .3015E-06 .1387E-06 .4242E-06
.2900E+03 .6181E+00 .7582E-06 .3610E-06 .1079E-05
.2905E+03 .6463E+00 .1424E-05 .6907E-06 .2039E-05
.2910E+03 .6101E+00 .2709E-05 .1373E-05 .3939E-05
.2915E+03 .6024E+00 .6487E-05 .3203E-05 .9347E-05
.2920E+03 .5732E+00 .1273E-04 .6215E-05 .1827E-04
.2925E+03 .4968E+00 .1667E-04 .7695E-05 .2348E-04
.2930E+03 .5676E+00 .3208E-04 .1409E-04 .4447E-04
.2935E+03 .5764E+00 .6632E-04 .2816E-04 .9097E-04
.2940E+03 .5042E+00 .9440E-04 .3707E-04 .1265E-03
.2945E+03 .5438E+00 .1467E-03 .7550E-04 .2144E-03
.2950E+03 .5163E+00 .2197E-03 .1203E-03 .3284E-03
.2955E+03 .5825E+00 .4351E-03 .1696E-03 .5817E-03
.2960E+03 .6214E+00 .6862E-03 .2825E-03 .9325E-03
.2965E+03 .4929E+00 .7876E-03 .3425E-03 .1088E-02
.2970E+03 .4244E+00 .9072E-03 .4120E-03 .1271E-02
.2975E+03 .5980E+00 .1922E-02 .9343E-03 .2754E-02
.2980E+03 .5581E+00 .2497E-02 .1284E-02 .3649E-02
.2985E+03 .3790E+00 .2169E-02 .1164E-02 .3218E-02
.2990E+03 .5771E+00 .4150E-02 .2320E-02 .6250E-02
.2995E+03 .5217E+00 .5383E-02 .3239E-02 .8337E-02
.3000E+03 .4169E+00 .5299E-02 .3321E-02 .8339E-02
.3005E+03 .4394E+00 .6717E-02 .4369E-02 .1073E-01
.3010E+03 .4942E+00 .9878E-02 .6833E-02 .1619E-01
.3015E+03 .5298E+00 .1319E-01 .9518E-02 .2201E-01
.3020E+03 .3745E+00 .1038E-01 .7387E-02 .1722E-01
.3025E+03 .5441E+00 .1819E-01 .1271E-01 .2993E-01
.3030E+03 .6771E+00 .2843E-01 .1948E-01 .4640E-01
.3035E+03 .6891E+00 .3299E-01 .2256E-01 .5381E-01
.3040E+03 .5775E+00 .2954E-01 .2009E-01 .4807E-01
.3045E+03 .6485E+00 .3858E-01 .2626E-01 .6280E-01
.3050E+03 .6733E+00 .4869E-01 .3332E-01 .7943E-01
.3055E+03 .6128E+00 .4992E-01 .3418E-01 .8146E-01
.3060E+03 .5426E+00 .4646E-01 .3166E-01 .7566E-01
.3065E+03 .5861E+00 .5406E-01 .3674E-01 .8795E-01
.3070E+03 .6446E+00 .6887E-01 .4702E-01 .1122E+00
.3075E+03 .6519E+00 .7956E-01 .5453E-01 .1299E+00
.3080E+03 .6567E+00 .8247E-01 .5621E-01 .1343E+00
.3085E+03 .6806E+00 .9119E-01 .6941E-01 .1558E+00
.3090E+03 .5623E+00 .7928E-01 .5946E-01 .1346E+00
.3095E+03 .5136E+00 .8299E-01 .6066E-01 .1393E+00
.3100E+03 .4651E+00 .8010E-01 .5767E-01 .1335E+00
.3105E+03 .7149E+00 .1275E+00 .9075E-01 .2115E+00
.3110E+03 .8241E+00 .1547E+00 .1087E+00 .2552E+00
.3115E+03 .7648E+00 .1473E+00 .1026E+00 .2421E+00
.3120E+03 .6421E+00 .1364E+00 .9346E-01 .2226E+00
.3125E+03 .6970E+00 .1579E+00 .1068E+00 .2564E+00
.3130E+03 .7115E+00 .1671E+00 .1120E+00 .2702E+00
.3135E+03 .7257E+00 .1670E+00 .1112E+00 .2694E+00
.3140E+03 .7936E+00 .1961E+00 .1290E+00 .3147E+00
.3145E+03 .5931E+00 .1601E+00 .1041E+00 .2557E+00
.3150E+03 .7541E+00 .2079E+00 .1341E+00 .3310E+00
.3155E+03 .6804E+00 .1817E+00 .1165E+00 .2886E+00
.3160E+03 .5183E+00 .1484E+00 .9426E-01 .2348E+00
.3165E+03 .6632E+00 .2012E+00 .1267E+00 .3172E+00
.3170E+03 .8229E+00 .2507E+00 .1566E+00 .3940E+00
.3175E+03 .8804E+00 .2658E+00 .1649E+00 .4167E+00
.3180E+03 .6346E+00 .1995E+00 .1228E+00 .3117E+00
.3185E+03 .6824E+00 .2297E+00 .1412E+00 .3588E+00
.3190E+03 .7535E+00 .2627E+00 .1618E+00 .4106E+00
.3195E+03 .6833E+00 .2284E+00 .1378E+00 .3541E+00
.3200E+03 .8369E+00 .2790E+00 .1668E+00 .4310E+00
.3205E+03 .9082E+00 .3232E+00 .1950E+00 .5011E+00
.3210E+03 .7156E+00 .2689E+00 .1634E+00 .4181E+00
.3215E+03 .6753E+00 .2566E+00 .1550E+00 .3980E+00
.3220E+03 .8151E+00 .2953E+00 .1745E+00 .4541E+00
.3225E+03 .7018E+00 .2562E+00 .1504E+00 .3930E+00
.3230E+03 .6403E+00 .2432E+00 .1432E+00 .3736E+00
.3235E+03 .6833E+00 .2757E+00 .1702E+00 .4313E+00
.3240E+03 .7817E+00 .3194E+00 .1964E+00 .4989E+00
.3245E+03 .8269E+00 .3329E+00 .2018E+00 .5170E+00
.3250E+03 .7845E+00 .3056E+00 .1752E+00 .4647E+00
.3255E+03 .9417E+00 .3783E+00 .2251E+00 .5834E+00
.3260E+03 .1053E+01 .4403E+00 .2635E+00 .6805E+00
.3265E+03 .9975E+00 .4286E+00 .2569E+00 .6628E+00
.3270E+03 .1010E+01 .4327E+00 .2569E+00 .6667E+00
.3275E+03 .9966E+00 .4246E+00 .2493E+00 .6514E+00
.3280E+03 .9535E+00 .3945E+00 .2274E+00 .6011E+00
.3285E+03 .9138E+00 .3951E+00 .2293E+00 .6035E+00
.3290E+03 .1025E+01 .4564E+00 .2658E+00 .6981E+00
.3295E+03 .1140E+01 .5133E+00 .2977E+00 .7838E+00
.3300E+03 .1163E+01 .5232E+00 .3007E+00 .7963E+00
.3305E+03 .9731E+00 .4315E+00 .2445E+00 .6531E+00
.3310E+03 .1006E+01 .4445E+00 .2495E+00 .6705E+00
.3315E+03 .9821E+00 .4427E+00 .2483E+00 .6676E+00
.3320E+03 .1007E+01 .4648E+00 .2611E+00 .7013E+00
.3325E+03 .9727E+00 .4544E+00 .2545E+00 .6849E+00
.3330E+03 .9796E+00 .4574E+00 .2539E+00 .6871E+00
.3335E+03 .9170E+00 .4239E+00 .2323E+00 .6338E+00
.3340E+03 .9423E+00 .4363E+00 .2373E+00 .6505E+00
.3345E+03 .1041E+01 .4915E+00 .2674E+00 .7329E+00
.3350E+03 .9543E+00 .4561E+00 .2475E+00 .6794E+00
.3355E+03 .1073E+01 .5167E+00 .3012E+00 .7906E+00
.3360E+03 .7401E+00 .3579E+00 .2074E+00 .5463E+00
.3365E+03 .9055E+00 .4364E+00 .2318E+00 .6451E+00
.3370E+03 .7531E+00 .3622E+00 .1906E+00 .5337E+00
.3375E+03 .9398E+00 .4527E+00 .2365E+00 .6652E+00
.3380E+03 .8870E+00 .4337E+00 .2263E+00 .6370E+00
.3385E+03 .9911E+00 .4882E+00 .2697E+00 .7321E+00
.3390E+03 .9814E+00 .4860E+00 .2635E+00 .7238E+00
.3395E+03 .9386E+00 .4664E+00 .2537E+00 .6954E+00
.3400E+03 .1134E+01 .5626E+00 .2861E+00 .8189E+00
.3405E+03 .1017E+01 .5068E+00 .2562E+00 .7362E+00
.3410E+03 .9646E+00 .4850E+00 .2571E+00 .7164E+00
.3415E+03 .8886E+00 .4492E+00 .2318E+00 .6573E+00
.3420E+03 .1061E+01 .5383E+00 .2747E+00 .7845E+00
.3425E+03 .9910E+00 .5051E+00 .2551E+00 .7335E+00
.3430E+03 .1085E+01 .5542E+00 .2813E+00 .8062E+00
.3435E+03 .1018E+01 .5211E+00 .2650E+00 .7585E+00
.3440E+03 .7669E+00 .3917E+00 .2083E+00 .5793E+00
.3445E+03 .7520E+00 .3870E+00 .1980E+00 .5645E+00
.3450E+03 .9988E+00 .5175E+00 .2564E+00 .7465E+00
.3455E+03 .1019E+01 .5303E+00 .2590E+00 .7612E+00
.3460E+03 .8646E+00 .4519E+00 .2182E+00 .6462E+00
.3465E+03 .9772E+00 .5127E+00 .2453E+00 .7308E+00
.3470E+03 .1045E+01 .5494E+00 .2634E+00 .7837E+00
.3475E+03 .8420E+00 .4441E+00 .2123E+00 .6330E+00
.3480E+03 .9603E+00 .5087E+00 .2392E+00 .7209E+00
.3485E+03 .9597E+00 .5100E+00 .2370E+00 .7200E+00
.3490E+03 .8882E+00 .4738E+00 .2185E+00 .6672E+00
.3495E+03 .8766E+00 .4692E+00 .2155E+00 .6598E+00
.3500E+03 .1082E+01 .5810E+00 .2649E+00 .8152E+00
.3505E+03 .1139E+01 .6133E+00 .2780E+00 .8589E+00
.3510E+03 .1015E+01 .5478E+00 .2478E+00 .7666E+00
.3515E+03 .9814E+00 .5307E+00 .2420E+00 .7446E+00
.3520E+03 .1054E+01 .5722E+00 .2571E+00 .7990E+00
.3525E+03 .8215E+00 .4477E+00 .1988E+00 .6228E+00
.3530E+03 .1033E+01 .5647E+00 .2486E+00 .7834E+00
.3535E+03 .1103E+01 .6045E+00 .2639E+00 .8365E+00
.3540E+03 .1144E+01 .6283E+00 .2721E+00 .8672E+00
.3545E+03 .1159E+01 .6383E+00 .2748E+00 .8793E+00
.3550E+03 .1153E+01 .6369E+00 .2730E+00 .8762E+00
.3555E+03 .1039E+01 .5761E+00 .2455E+00 .7911E+00
.3560E+03 .1085E+01 .6037E+00 .2556E+00 .8274E+00
.3565E+03 .9252E+00 .5162E+00 .2173E+00 .7062E+00
.3570E+03 .7640E+00 .4272E+00 .1788E+00 .5834E+00
.3575E+03 .9344E+00 .5238E+00 .2179E+00 .7140E+00
.3580E+03 .7396E+00 .4157E+00 .1719E+00 .5656E+00
.3585E+03 .6313E+00 .3558E+00 .1462E+00 .4832E+00
.3590E+03 .8821E+00 .4984E+00 .2037E+00 .6758E+00
.3595E+03 .1123E+01 .6357E+00 .2590E+00 .8611E+00
.3600E+03 .1189E+01 .6748E+00 .2732E+00 .9123E+00
.3605E+03 .9490E+00 .5401E+00 .2172E+00 .7287E+00
.3610E+03 .8633E+00 .4927E+00 .1969E+00 .6635E+00
.3615E+03 .9904E+00 .5672E+00 .2254E+00 .7625E+00
.3620E+03 .8532E+00 .4903E+00 .1938E+00 .6581E+00
.3625E+03 .1177E+01 .6784E+00 .2667E+00 .9092E+00
.3630E+03 .1054E+01 .6093E+00 .2383E+00 .8154E+00
.3635E+03 .9678E+00 .5613E+00 .2184E+00 .7500E+00
.3640E+03 .1181E+01 .6867E+00 .2658E+00 .9161E+00
.3645E+03 .1008E+01 .5873E+00 .2261E+00 .7824E+00
.3650E+03 .1025E+01 .5986E+00 .2293E+00 .7962E+00
.3655E+03 .1284E+01 .7519E+00 .2864E+00 .9985E+00
.3660E+03 .1357E+01 .7970E+00 .3020E+00 .1057E+01
.3665E+03 .1272E+01 .7491E+00 .2823E+00 .9918E+00
.3670E+03 .1237E+01 .7300E+00 .2736E+00 .9650E+00
.3675E+03 .1282E+01 .7580E+00 .2825E+00 .1000E+01
.3680E+03 .1120E+01 .6636E+00 .2460E+00 .8745E+00
.3685E+03 .1128E+01 .6701E+00 .2472E+00 .8819E+00
.3690E+03 .1216E+01 .7244E+00 .2659E+00 .9519E+00
.3695E+03 .1294E+01 .7729E+00 .2822E+00 .1014E+01
.3700E+03 .1377E+01 .8248E+00 .2997E+00 .1081E+01
.3705E+03 .1067E+01 .6406E+00 .2316E+00 .8383E+00
.3710E+03 .1138E+01 .6850E+00 .2464E+00 .8951E+00
.3715E+03 .1422E+01 .8578E+00 .3069E+00 .1119E+01
.3720E+03 .9428E+00 .5699E+00 .2028E+00 .7425E+00
.3725E+03 .1129E+01 .6838E+00 .2421E+00 .8897E+00
.3730E+03 .1146E+01 .6960E+00 .2452E+00 .9043E+00
.3735E+03 .7441E+00 .4531E+00 .1589E+00 .5880E+00
.3740E+03 .1080E+01 .6589E+00 .2298E+00 .8539E+00
.3745E+03 .8925E+00 .5460E+00 .1895E+00 .7066E+00
.3750E+03 .8666E+00 .5312E+00 .1834E+00 .6865E+00
.3755E+03 .1293E+01 .7939E+00 .2727E+00 .1025E+01
.3760E+03 .1071E+01 .6587E+00 .2251E+00 .8490E+00
.3765E+03 .1109E+01 .6834E+00 .2323E+00 .8795E+00
.3770E+03 .1172E+01 .7240E+00 .2450E+00 .9307E+00
.3775E+03 .1369E+01 .8478E+00 .2854E+00 .1088E+01
.3780E+03 .1483E+01 .9201E+00 .3082E+00 .1180E+01
.3785E+03 .1401E+01 .8708E+00 .2902E+00 .1115E+01
.3790E+03 .1156E+01 .7196E+00 .2386E+00 .9201E+00
.3795E+03 .1056E+01 .6582E+00 .2171E+00 .8405E+00
.3800E+03 .1097E+01 .6850E+00 .2248E+00 .8736E+00
.3805E+03 .1326E+01 .8301E+00 .2711E+00 .1057E+01
.3810E+03 .1326E+01 .8321E+00 .2705E+00 .1059E+01
.3815E+03 .1049E+01 .6597E+00 .2135E+00 .8383E+00
.3820E+03 .9294E+00 .5860E+00 .1887E+00 .7437E+00
.3825E+03 .7904E+00 .4996E+00 .1602E+00 .6333E+00
.3830E+03 .7305E+00 .4627E+00 .1477E+00 .5858E+00
.3835E+03 .7025E+00 .4458E+00 .1416E+00 .5638E+00
.3840E+03 .7739E+00 .4920E+00 .1555E+00 .6215E+00
.3845E+03 .1137E+01 .7241E+00 .2278E+00 .9136E+00
.3850E+03 .1126E+01 .7186E+00 .2250E+00 .9055E+00
.3855E+03 .1047E+01 .6696E+00 .2087E+00 .8429E+00
.3860E+03 .8952E+00 .5739E+00 .1781E+00 .7216E+00
.3865E+03 .1174E+01 .7542E+00 .2330E+00 .9473E+00
.3870E+03 .9746E+00 .6273E+00 .1929E+00 .7870E+00
.3875E+03 .1094E+01 .7052E+00 .2158E+00 .8836E+00
.3880E+03 .1009E+01 .6516E+00 .1984E+00 .8155E+00
.3885E+03 .9956E+00 .6444E+00 .1954E+00 .8057E+00
.3890E+03 .1074E+01 .6962E+00 .2101E+00 .8695E+00
.3895E+03 .1299E+01 .8437E+00 .2535E+00 .1053E+01
.3900E+03 .1302E+01 .8473E+00 .2534E+00 .1056E+01
.3905E+03 .1197E+01 .7803E+00 .2323E+00 .9713E+00
.3910E+03 .1407E+01 .9191E+00 .2724E+00 .1143E+01
.3915E+03 .1434E+01 .9382E+00 .2767E+00 .1165E+01
.3920E+03 .1207E+01 .7908E+00 .2322E+00 .9811E+00
.3925E+03 .1079E+01 .7083E+00 .2071E+00 .8779E+00
.3930E+03 .5993E+00 .3943E+00 .1148E+00 .4882E+00
.3935E+03 .4350E+00 .2868E+00 .8309E-01 .3547E+00
.3940E+03 .8843E+00 .5839E+00 .1684E+00 .7214E+00
.3945E+03 .1123E+01 .7427E+00 .2133E+00 .9167E+00
.3950E+03 .1369E+01 .9069E+00 .2593E+00 .1118E+01
.3955E+03 .1390E+01 .9220E+00 .2623E+00 .1136E+01
.3960E+03 .1204E+01 .7999E+00 .2266E+00 .9841E+00
.3965E+03 .7024E+00 .4677E+00 .1319E+00 .5749E+00
.3970E+03 .5264E+00 .3512E+00 .9864E-01 .4313E+00
.3975E+03 .1070E+01 .7147E+00 .1998E+00 .8768E+00
.3980E+03 .1498E+01 .1002E+01 .2788E+00 .1228E+01
.3985E+03 .1547E+01 .1036E+01 .2870E+00 .1268E+01
.3990E+03 .1671E+01 .1122E+01 .3096E+00 .1372E+01
.3995E+03 .1664E+01 .1119E+01 .3074E+00 .1367E+01
.4000E+03 .1728E+01 .1163E+01 .3180E+00 .1420E+01
.4010E+03 .1770E+01 .1195E+01 .3266E+00 .1459E+01
.4020E+03 .1862E+01 .1262E+01 .3420E+00 .1537E+01
.4030E+03 .1764E+01 .1200E+01 .3225E+00 .1459E+01
.4040E+03 .1734E+01 .1183E+01 .3152E+00 .1435E+01
.4050E+03 .1731E+01 .1184E+01 .3128E+00 .1434E+01
.4060E+03 .1698E+01 .1165E+01 .3055E+00 .1409E+01
.4070E+03 .1666E+01 .1147E+01 .2985E+00 .1385E+01
.4080E+03 .1730E+01 .1194E+01 .3079E+00 .1438E+01
.4090E+03 .1848E+01 .1279E+01 .3272E+00 .1538E+01
.4100E+03 .1611E+01 .1118E+01 .2837E+00 .1342E+01
.4110E+03 .1741E+01 .1212E+01 .3051E+00 .1453E+01
.4120E+03 .1864E+01 .1301E+01 .3253E+00 .1558E+01
.4130E+03 .1817E+01 .1271E+01 .3150E+00 .1519E+01
.4140E+03 .1835E+01 .1287E+01 .3167E+00 .1536E+01
.4150E+03 .1835E+01 .1291E+01 .3152E+00 .1538E+01
.4160E+03 .1862E+01 .1314E+01 .3185E+00 .1563E+01
.4170E+03 .1814E+01 .1283E+01 .3086E+00 .1524E+01
.4180E+03 .1778E+01 .1261E+01 .3008E+00 .1495E+01
.4190E+03 .1798E+01 .1278E+01 .3026E+00 .1513E+01
.4200E+03 .1788E+01 .1274E+01 .2993E+00 .1506E+01
.4210E+03 .1867E+01 .1334E+01 .3110E+00 .1574E+01
.4220E+03 .1772E+01 .1269E+01 .2936E+00 .1495E+01
.4230E+03 .1728E+01 .1240E+01 .2849E+00 .1460E+01
.4240E+03 .1826E+01 .1313E+01 .2994E+00 .1543E+01
.4250E+03 .1819E+01 .1312E+01 .2969E+00 .1539E+01
.4260E+03 .1766E+01 .1278E+01 .2872E+00 .1497E+01
.4270E+03 .1731E+01 .1255E+01 .2799E+00 .1468E+01
.4280E+03 .1685E+01 .1223E+01 .2709E+00 .1430E+01
.4290E+03 .1591E+01 .1159E+01 .2548E+00 .1352E+01
.4300E+03 .1390E+01 .1015E+01 .2215E+00 .1182E+01
.4310E+03 .1378E+01 .1007E+01 .2182E+00 .1172E+01
.4320E+03 .1774E+01 .1301E+01 .2799E+00 .1512E+01
.4330E+03 .1781E+01 .1308E+01 .2796E+00 .1519E+01
.4340E+03 .1653E+01 .1216E+01 .2580E+00 .1410E+01
.4350E+03 .1726E+01 .1272E+01 .2678E+00 .1472E+01
.4360E+03 .1939E+01 .1433E+01 .2997E+00 .1657E+01
.4370E+03 .1907E+01 .1413E+01 .2937E+00 .1632E+01
.4380E+03 .1733E+01 .1287E+01 .2657E+00 .1485E+01
.4390E+03 .1796E+01 .1334E+01 .2732E+00 .1537E+01
.4400E+03 .1849E+01 .1377E+01 .2801E+00 .1584E+01
.4410E+03 .1911E+01 .1427E+01 .2885E+00 .1640E+01
.4420E+03 .2047E+01 .1532E+01 .3075E+00 .1758E+01
.4430E+03 .1996E+01 .1495E+01 .2980E+00 .1714E+01
.4440E+03 .2035E+01 .1527E+01 .3023E+00 .1749E+01
.4450E+03 .1992E+01 .1496E+01 .2941E+00 .1711E+01
.4460E+03 .1895E+01 .1427E+01 .2789E+00 .1631E+01
.4470E+03 .2043E+01 .1542E+01 .2994E+00 .1760E+01
.4480E+03 .2078E+01 .1569E+01 .3023E+00 .1788E+01
.4490E+03 .2078E+01 .1574E+01 .3016E+00 .1793E+01
.4500E+03 .2132E+01 .1619E+01 .3081E+00 .1841E+01
.4510E+03 .2209E+01 .1680E+01 .3177E+00 .1909E+01
.4520E+03 .2126E+01 .1619E+01 .3042E+00 .1838E+01
.4530E+03 .1997E+01 .1524E+01 .2844E+00 .1727E+01
.4540E+03 .2080E+01 .1590E+01 .2951E+00 .1801E+01
.4550E+03 .2092E+01 .1602E+01 .2952E+00 .1812E+01
.4560E+03 .2139E+01 .1640E+01 .3004E+00 .1854E+01
.4570E+03 .2173E+01 .1669E+01 .3037E+00 .1884E+01
.4580E+03 .2101E+01 .1614E+01 .2917E+00 .1821E+01
.4590E+03 .2087E+01 .1607E+01 .2885E+00 .1810E+01
.4600E+03 .2093E+01 .1613E+01 .2877E+00 .1815E+01
.4610E+03 .2139E+01 .1651E+01 .2927E+00 .1856E+01
.4620E+03 .2151E+01 .1663E+01 .2932E+00 .1868E+01
.4630E+03 .2137E+01 .1653E+01 .2895E+00 .1855E+01
.4640E+03 .2096E+01 .1625E+01 .2829E+00 .1822E+01
.4650E+03 .2064E+01 .1604E+01 .2777E+00 .1797E+01
.4660E+03 .2080E+01 .1620E+01 .2788E+00 .1813E+01
.4670E+03 .2044E+01 .1592E+01 .2722E+00 .1780E+01
.4680E+03 .2067E+01 .1612E+01 .2740E+00 .1801E+01
.4690E+03 .2077E+01 .1622E+01 .2740E+00 .1811E+01
.4700E+03 .2011E+01 .1572E+01 .2639E+00 .1753E+01
.4710E+03 .2007E+01 .1571E+01 .2621E+00 .1750E+01
.4720E+03 .2115E+01 .1657E+01 .2747E+00 .1844E+01
.4730E+03 .2088E+01 .1638E+01 .2698E+00 .1821E+01
.4740E+03 .2095E+01 .1643E+01 .2689E+00 .1825E+01
.4750E+03 .2117E+01 .1661E+01 .2700E+00 .1843E+01
.4760E+03 .2059E+01 .1616E+01 .2610E+00 .1791E+01
.4770E+03 .2068E+01 .1624E+01 .2606E+00 .1798E+01
.4780E+03 .2122E+01 .1668E+01 .2663E+00 .1846E+01
.4790E+03 .2104E+01 .1657E+01 .2630E+00 .1832E+01
.4800E+03 .2103E+01 .1658E+01 .2618E+00 .1833E+01
.4810E+03 .2136E+01 .1688E+01 .2650E+00 .1864E+01
.4820E+03 .2141E+01 .1695E+01 .2648E+00 .1870E+01
.4830E+03 .2109E+01 .1673E+01 .2600E+00 .1845E+01
.4840E+03 .2063E+01 .1639E+01 .2533E+00 .1806E+01
.4850E+03 .1963E+01 .1562E+01 .2400E+00 .1719E+01
.4860E+03 .1713E+01 .1365E+01 .2086E+00 .1501E+01
.4870E+03 .1792E+01 .1430E+01 .2174E+00 .1572E+01
.4880E+03 .1966E+01 .1570E+01 .2373E+00 .1724E+01
.4890E+03 .1974E+01 .1577E+01 .2369E+00 .1730E+01
.4900E+03 .2073E+01 .1658E+01 .2479E+00 .1819E+01
.4910E+03 .2034E+01 .1630E+01 .2425E+00 .1786E+01
.4920E+03 .1920E+01 .1540E+01 .2279E+00 .1686E+01
.4930E+03 .1982E+01 .1591E+01 .2342E+00 .1741E+01
.4940E+03 .2001E+01 .1608E+01 .2353E+00 .1758E+01
.4950E+03 .2017E+01 .1622E+01 .2362E+00 .1772E+01
.4960E+03 .2029E+01 .1633E+01 .2365E+00 .1783E+01
.4970E+03 .2060E+01 .1659E+01 .2391E+00 .1811E+01
.4980E+03 .1963E+01 .1583E+01 .2269E+00 .1726E+01
.4990E+03 .1989E+01 .1604E+01 .2288E+00 .1748E+01
.5000E+03 .1933E+01 .1560E+01 .2220E+00 .1699E+01
.5010E+03 .1900E+01 .1533E+01 .2170E+00 .1669E+01
.5020E+03 .1879E+01 .1515E+01 .2132E+00 .1648E+01
.5030E+03 .1962E+01 .1581E+01 .2212E+00 .1719E+01
.5040E+03 .1934E+01 .1554E+01 .2156E+00 .1687E+01
.5050E+03 .1984E+01 .1600E+01 .2214E+00 .1737E+01
.5060E+03 .2049E+01 .1654E+01 .2277E+00 .1794E+01
.5070E+03 .1949E+01 .1575E+01 .2159E+00 .1707E+01
.5080E+03 .1882E+01 .1524E+01 .2082E+00 .1651E+01
.5090E+03 .1930E+01 .1565E+01 .2129E+00 .1695E+01
.5100E+03 .1916E+01 .1556E+01 .2107E+00 .1684E+01
.5110E+03 .1963E+01 .1596E+01 .2153E+00 .1727E+01
.5120E+03 .1982E+01 .1613E+01 .2168E+00 .1745E+01
.5130E+03 .1875E+01 .1528E+01 .2046E+00 .1652E+01
.5140E+03 .1860E+01 .1517E+01 .2024E+00 .1639E+01
.5150E+03 .1841E+01 .1503E+01 .1997E+00 .1623E+01
.5160E+03 .1837E+01 .1501E+01 .1985E+00 .1620E+01
.5170E+03 .1631E+01 .1334E+01 .1757E+00 .1439E+01
.5180E+03 .1715E+01 .1403E+01 .1841E+00 .1513E+01
.5190E+03 .1799E+01 .1473E+01 .1924E+00 .1587E+01
.5200E+03 .1865E+01 .1527E+01 .1987E+00 .1645E+01
.5210E+03 .1883E+01 .1543E+01 .1998E+00 .1661E+01
.5220E+03 .1886E+01 .1545E+01 .1993E+00 .1663E+01
.5230E+03 .1853E+01 .1519E+01 .1950E+00 .1634E+01
.5240E+03 .1922E+01 .1576E+01 .2014E+00 .1694E+01
.5250E+03 .1949E+01 .1597E+01 .2031E+00 .1716E+01
.5260E+03 .1863E+01 .1527E+01 .1933E+00 .1640E+01
.5270E+03 .1759E+01 .1441E+01 .1815E+00 .1546E+01
.5280E+03 .1863E+01 .1526E+01 .1913E+00 .1636E+01
.5290E+03 .1966E+01 .1610E+01 .2007E+00 .1725E+01
.5300E+03 .1939E+01 .1588E+01 .1971E+00 .1701E+01
.5310E+03 .1969E+01 .1613E+01 .1992E+00 .1727E+01
.5320E+03 .1902E+01 .1559E+01 .1916E+00 .1668E+01
.5330E+03 .1846E+01 .1514E+01 .1852E+00 .1619E+01
.5340E+03 .1899E+01 .1559E+01 .1897E+00 .1666E+01
.5350E+03 .1938E+01 .1593E+01 .1928E+00 .1701E+01
.5360E+03 .1954E+01 .1607E+01 .1936E+00 .1716E+01
.5370E+03 .1875E+01 .1543E+01 .1851E+00 .1647E+01
.5380E+03 .1907E+01 .1571E+01 .1875E+00 .1676E+01
.5390E+03 .1891E+01 .1559E+01 .1852E+00 .1662E+01
.5400E+03 .1814E+01 .1496E+01 .1767E+00 .1594E+01
.5410E+03 .1832E+01 .1510E+01 .1773E+00 .1608E+01
.5420E+03 .1892E+01 .1560E+01 .1821E+00 .1659E+01
.5430E+03 .1867E+01 .1542E+01 .1792E+00 .1639E+01
.5440E+03 .1904E+01 .1571E+01 .1817E+00 .1670E+01
.5450E+03 .1897E+01 .1566E+01 .1801E+00 .1663E+01
.5460E+03 .1910E+01 .1576E+01 .1801E+00 .1672E+01
.5470E+03 .1905E+01 .1572E+01 .1789E+00 .1668E+01
.5480E+03 .1880E+01 .1553E+01 .1758E+00 .1647E+01
.5490E+03 .1884E+01 .1558E+01 .1755E+00 .1651E+01
.5500E+03 .1906E+01 .1578E+01 .1769E+00 .1671E+01
.5510E+03 .1882E+01 .1559E+01 .1739E+00 .1650E+01
.5520E+03 .1895E+01 .1570E+01 .1743E+00 .1662E+01
.5530E+03 .1862E+01 .1543E+01 .1703E+00 .1632E+01
.5540E+03 .1907E+01 .1581E+01 .1735E+00 .1671E+01
.5550E+03 .1912E+01 .1585E+01 .1729E+00 .1674E+01
.5560E+03 .1888E+01 .1565E+01 .1698E+00 .1652E+01
.5570E+03 .1831E+01 .1518E+01 .1638E+00 .1601E+01
.5580E+03 .1820E+01 .1508E+01 .1618E+00 .1590E+01
.5590E+03 .1789E+01 .1481E+01 .1580E+00 .1561E+01
.5600E+03 .1813E+01 .1502E+01 .1592E+00 .1581E+01
.5610E+03 .1839E+01 .1523E+01 .1606E+00 .1603E+01
.5620E+03 .1829E+01 .1515E+01 .1587E+00 .1593E+01
.5630E+03 .1883E+01 .1559E+01 .1624E+00 .1639E+01
.5640E+03 .1835E+01 .1518E+01 .1572E+00 .1595E+01
.5650E+03 .1822E+01 .1507E+01 .1551E+00 .1583E+01
.5660E+03 .1798E+01 .1487E+01 .1521E+00 .1561E+01
.5670E+03 .1836E+01 .1518E+01 .1542E+00 .1592E+01
.5680E+03 .1830E+01 .1511E+01 .1524E+00 .1583E+01
.5690E+03 .1808E+01 .1487E+01 .1487E+00 .1557E+01
.5700E+03 .1804E+01 .1485E+01 .1477E+00 .1554E+01
.5710E+03 .1787E+01 .1473E+01 .1459E+00 .1541E+01
.5720E+03 .1844E+01 .1517E+01 .1491E+00 .1586E+01
.5730E+03 .1866E+01 .1535E+01 .1500E+00 .1604E+01
.5740E+03 .1863E+01 .1532E+01 .1489E+00 .1600E+01
.5750E+03 .1833E+01 .1507E+01 .1455E+00 .1573E+01
.5760E+03 .1816E+01 .1493E+01 .1435E+00 .1558E+01
.5770E+03 .1834E+01 .1509E+01 .1442E+00 .1574E+01
.5780E+03 .1801E+01 .1485E+01 .1412E+00 .1547E+01
.5790E+03 .1799E+01 .1487E+01 .1408E+00 .1549E+01
.5800E+03 .1819E+01 .1508E+01 .1423E+00 .1570E+01
.5810E+03 .1818E+01 .1511E+01 .1420E+00 .1573E+01
.5820E+03 .1843E+01 .1535E+01 .1438E+00 .1598E+01
.5830E+03 .1840E+01 .1537E+01 .1433E+00 .1599E+01
.5840E+03 .1851E+01 .1548E+01 .1438E+00 .1610E+01
.5850E+03 .1803E+01 .1509E+01 .1395E+00 .1569E+01
.5860E+03 .1766E+01 .1478E+01 .1359E+00 .1536E+01
.5870E+03 .1811E+01 .1514E+01 .1383E+00 .1572E+01
.5880E+03 .1794E+01 .1491E+01 .1351E+00 .1548E+01
.5890E+03 .1647E+01 .1350E+01 .1208E+00 .1400E+01
.5900E+03 .1717E+01 .1410E+01 .1256E+00 .1461E+01
.5910E+03 .1783E+01 .1475E+01 .1314E+00 .1528E+01
.5920E+03 .1781E+01 .1468E+01 .1299E+00 .1521E+01
.5930E+03 .1785E+01 .1478E+01 .1305E+00 .1530E+01
.5940E+03 .1782E+01 .1474E+01 .1295E+00 .1525E+01
.5950E+03 .1753E+01 .1447E+01 .1263E+00 .1497E+01
.5960E+03 .1780E+01 .1481E+01 .1294E+00 .1532E+01
.5970E+03 .1768E+01 .1470E+01 .1277E+00 .1520E+01
.5980E+03 .1752E+01 .1461E+01 .1267E+00 .1510E+01
.5990E+03 .1747E+01 .1460E+01 .1262E+00 .1509E+01
.6000E+03 .1738E+01 .1457E+01 .1256E+00 .1505E+01
.6010E+03 .1716E+01 .1441E+01 .1237E+00 .1488E+01
.6020E+03 .1703E+01 .1430E+01 .1222E+00 .1477E+01
.6030E+03 .1728E+01 .1452E+01 .1235E+00 .1498E+01
.6040E+03 .1755E+01 .1474E+01 .1248E+00 .1521E+01
.6050E+03 .1744E+01 .1467E+01 .1236E+00 .1513E+01
.6060E+03 .1733E+01 .1461E+01 .1226E+00 .1506E+01
.6070E+03 .1746E+01 .1476E+01 .1234E+00 .1521E+01
.6080E+03 .1723E+01 .1459E+01 .1216E+00 .1504E+01
.6090E+03 .1723E+01 .1461E+01 .1213E+00 .1505E+01
.6100E+03 .1707E+01 .1449E+01 .1197E+00 .1492E+01
.6110E+03 .1714E+01 .1457E+01 .1199E+00 .1500E+01
.6120E+03 .1707E+01 .1452E+01 .1190E+00 .1494E+01
.6130E+03 .1684E+01 .1433E+01 .1169E+00 .1475E+01
.6140E+03 .1658E+01 .1413E+01 .1148E+00 .1453E+01
.6150E+03 .1691E+01 .1444E+01 .1169E+00 .1484E+01
.6160E+03 .1633E+01 .1396E+01 .1125E+00 .1434E+01
.6170E+03 .1628E+01 .1393E+01 .1118E+00 .1431E+01
.6180E+03 .1689E+01 .1446E+01 .1156E+00 .1485E+01
.6190E+03 .1671E+01 .1431E+01 .1139E+00 .1469E+01
.6200E+03 .1682E+01 .1440E+01 .1141E+00 .1478E+01
.6210E+03 .1687E+01 .1442E+01 .1135E+00 .1479E+01
.6220E+03 .1671E+01 .1419E+01 .1108E+00 .1454E+01
.6230E+03 .1649E+01 .1391E+01 .1077E+00 .1426E+01
.6240E+03 .1618E+01 .1371E+01 .1059E+00 .1404E+01
.6250E+03 .1614E+01 .1375E+01 .1062E+00 .1408E+01
.6260E+03 .1639E+01 .1398E+01 .1076E+00 .1432E+01
.6270E+03 .1666E+01 .1420E+01 .1087E+00 .1454E+01
.6280E+03 .1664E+01 .1379E+01 .1033E+00 .1410E+01
.6290E+03 .1664E+01 .1407E+01 .1062E+00 .1439E+01
.6300E+03 .1629E+01 .1377E+01 .1035E+00 .1408E+01
.6310E+03 .1630E+01 .1393E+01 .1050E+00 .1424E+01
.6320E+03 .1605E+01 .1377E+01 .1035E+00 .1408E+01
.6330E+03 .1639E+01 .1414E+01 .1062E+00 .1445E+01
.6340E+03 .1612E+01 .1395E+01 .1046E+00 .1426E+01
.6350E+03 .1632E+01 .1415E+01 .1057E+00 .1446E+01
.6360E+03 .1604E+01 .1393E+01 .1037E+00 .1423E+01
.6370E+03 .1626E+01 .1414E+01 .1048E+00 .1444E+01
.6380E+03 .1634E+01 .1423E+01 .1052E+00 .1453E+01
.6390E+03 .1612E+01 .1407E+01 .1036E+00 .1436E+01
.6400E+03 .1592E+01 .1392E+01 .1022E+00 .1421E+01
.6410E+03 .1588E+01 .1391E+01 .1017E+00 .1419E+01
.6420E+03 .1577E+01 .1383E+01 .1008E+00 .1411E+01
.6430E+03 .1598E+01 .1402E+01 .1017E+00 .1430E+01
.6440E+03 .1589E+01 .1396E+01 .1009E+00 .1423E+01
.6450E+03 .1594E+01 .1401E+01 .1008E+00 .1427E+01
.6460E+03 .1570E+01 .1377E+01 .9857E-01 .1402E+01
.6470E+03 .1578E+01 .1377E+01 .9781E-01 .1402E+01
.6480E+03 .1592E+01 .1384E+01 .9784E-01 .1408E+01
.6490E+03 .1561E+01 .1357E+01 .9555E-01 .1381E+01
.6500E+03 .1530E+01 .1343E+01 .9471E-01 .1367E+01
.6510E+03 .1587E+01 .1397E+01 .9825E-01 .1422E+01
.6520E+03 .1569E+01 .1366E+01 .9511E-01 .1389E+01
.6530E+03 .1567E+01 .1380E+01 .9628E-01 .1403E+01
.6540E+03 .1544E+01 .1362E+01 .9472E-01 .1385E+01
.6550E+03 .1510E+01 .1324E+01 .9138E-01 .1346E+01
.6560E+03 .1322E+01 .1165E+01 .8027E-01 .1184E+01
.6570E+03 .1357E+01 .1196E+01 .8205E-01 .1215E+01
.6580E+03 .1510E+01 .1334E+01 .9120E-01 .1354E+01
.6590E+03 .1514E+01 .1338E+01 .9109E-01 .1358E+01
.6600E+03 .1518E+01 .1337E+01 .9049E-01 .1357E+01
.6610E+03 .1528E+01 .1336E+01 .8962E-01 .1355E+01
.6620E+03 .1538E+01 .1334E+01 .8865E-01 .1352E+01
.6630E+03 .1505E+01 .1311E+01 .8708E-01 .1329E+01
.6640E+03 .1513E+01 .1331E+01 .8859E-01 .1349E+01
.6650E+03 .1507E+01 .1334E+01 .8878E-01 .1352E+01
.6660E+03 .1505E+01 .1338E+01 .8900E-01 .1356E+01
.6670E+03 .1500E+01 .1339E+01 .8890E-01 .1357E+01
.6680E+03 .1497E+01 .1339E+01 .8874E-01 .1357E+01
.6690E+03 .1518E+01 .1360E+01 .8986E-01 .1378E+01
.6700E+03 .1510E+01 .1354E+01 .8921E-01 .1372E+01
.6710E+03 .1508E+01 .1354E+01 .8889E-01 .1371E+01
.6720E+03 .1494E+01 .1342E+01 .8785E-01 .1359E+01
.6730E+03 .1515E+01 .1362E+01 .8888E-01 .1379E+01
.6740E+03 .1508E+01 .1357E+01 .8827E-01 .1373E+01
.6750E+03 .1493E+01 .1344E+01 .8719E-01 .1360E+01
.6760E+03 .1502E+01 .1353E+01 .8749E-01 .1369E+01
.6770E+03 .1486E+01 .1339E+01 .8633E-01 .1355E+01
.6780E+03 .1489E+01 .1342E+01 .8626E-01 .1358E+01
.6790E+03 .1464E+01 .1321E+01 .8461E-01 .1335E+01
.6800E+03 .1475E+01 .1331E+01 .8506E-01 .1346E+01
.6810E+03 .1465E+01 .1323E+01 .8431E-01 .1337E+01
.6820E+03 .1463E+01 .1322E+01 .8402E-01 .1336E+01
.6830E+03 .1460E+01 .1320E+01 .8368E-01 .1334E+01
.6840E+03 .1453E+01 .1314E+01 .8308E-01 .1328E+01
.6850E+03 .1464E+01 .1325E+01 .8360E-01 .1339E+01
.6860E+03 .1457E+01 .1319E+01 .8296E-01 .1332E+01
.6870E+03 .1475E+01 .1114E+01 .6217E-01 .1117E+01
.6880E+03 .1458E+01 .1185E+01 .6918E-01 .1191E+01
.6890E+03 .1455E+01 .1186E+01 .6919E-01 .1192E+01
.6900E+03 .1445E+01 .1206E+01 .7132E-01 .1214E+01
.6910E+03 .1434E+01 .1228E+01 .7377E-01 .1237E+01
.6920E+03 .1421E+01 .1243E+01 .7558E-01 .1253E+01
.6930E+03 .1423E+01 .1243E+01 .7556E-01 .1252E+01
.6940E+03 .1427E+01 .1242E+01 .7553E-01 .1252E+01
.6950E+03 .1427E+01 .1263E+01 .7756E-01 .1273E+01
.6960E+03 .1439E+01 .1268E+01 .7785E-01 .1279E+01
.6970E+03 .1433E+01 .1296E+01 .8065E-01 .1308E+01
.6980E+03 .1413E+01 .1278E+01 .7950E-01 .1290E+01
.6990E+03 .1432E+01 .1278E+01 .7898E-01 .1289E+01
.7000E+03 .1414E+01 .1262E+01 .7812E-01 .1274E+01
.7010E+03 .1411E+01 .1257E+01 .7777E-01 .1269E+01
.7020E+03 .1403E+01 .1256E+01 .7805E-01 .1268E+01
.7030E+03 .1409E+01 .1260E+01 .7826E-01 .1271E+01
.7040E+03 .1423E+01 .1282E+01 .8013E-01 .1295E+01
.7050E+03 .1425E+01 .1286E+01 .8053E-01 .1298E+01
.7060E+03 .1411E+01 .1278E+01 .8028E-01 .1290E+01
.7070E+03 .1408E+01 .1277E+01 .8047E-01 .1290E+01
.7080E+03 .1411E+01 .1280E+01 .8082E-01 .1293E+01
.7090E+03 .1397E+01 .1273E+01 .8069E-01 .1286E+01
.7100E+03 .1404E+01 .1277E+01 .8105E-01 .1291E+01
.7110E+03 .1397E+01 .1272E+01 .8097E-01 .1286E+01
.7120E+03 .1386E+01 .1265E+01 .8073E-01 .1279E+01
.7130E+03 .1378E+01 .1256E+01 .8029E-01 .1270E+01
.7140E+03 .1383E+01 .1261E+01 .8078E-01 .1275E+01
.7150E+03 .1357E+01 .1232E+01 .7889E-01 .1245E+01
.7160E+03 .1364E+01 .1237E+01 .7933E-01 .1251E+01
.7170E+03 .1383E+01 .1179E+01 .7313E-01 .1190E+01
.7180E+03 .1361E+01 .1123E+01 .6927E-01 .1133E+01
.7190E+03 .1336E+01 .1053E+01 .6442E-01 .1062E+01
.7200E+03 .1362E+01 .1100E+01 .6763E-01 .1110E+01
.7210E+03 .1347E+01 .1137E+01 .7161E-01 .1149E+01
.7220E+03 .1346E+01 .1212E+01 .7853E-01 .1227E+01
.7230E+03 .1358E+01 .1177E+01 .7521E-01 .1190E+01
.7240E+03 .1347E+01 .1115E+01 .7010E-01 .1126E+01
.7250E+03 .1338E+01 .1112E+01 .6984E-01 .1123E+01
.7260E+03 .1340E+01 .1142E+01 .7222E-01 .1154E+01
.7270E+03 .1349E+01 .1142E+01 .7279E-01 .1155E+01
.7280E+03 .1325E+01 .1111E+01 .6997E-01 .1122E+01
.7290E+03 .1298E+01 .1110E+01 .7085E-01 .1122E+01
.7300E+03 .1330E+01 .1160E+01 .7463E-01 .1174E+01
.7310E+03 .1320E+01 .1129E+01 .7201E-01 .1141E+01
.7320E+03 .1323E+01 .1164E+01 .7552E-01 .1178E+01
.7330E+03 .1319E+01 .1189E+01 .7830E-01 .1205E+01
.7340E+03 .1333E+01 .1208E+01 .7980E-01 .1224E+01
.7350E+03 .1314E+01 .1188E+01 .7838E-01 .1203E+01
.7360E+03 .1308E+01 .1186E+01 .7832E-01 .1201E+01
.7370E+03 .1318E+01 .1192E+01 .7870E-01 .1208E+01
.7380E+03 .1296E+01 .1188E+01 .7902E-01 .1204E+01
.7390E+03 .1274E+01 .1166E+01 .7756E-01 .1182E+01
.7400E+03 .1293E+01 .1188E+01 .7921E-01 .1205E+01
.7410E+03 .1272E+01 .1172E+01 .7815E-01 .1188E+01
.7420E+03 .1266E+01 .1169E+01 .7800E-01 .1185E+01
.7430E+03 .1296E+01 .1198E+01 .7986E-01 .1214E+01
.7440E+03 .1288E+01 .1192E+01 .7945E-01 .1208E+01
.7450E+03 .1285E+01 .1190E+01 .7927E-01 .1206E+01
.7460E+03 .1291E+01 .1196E+01 .7954E-01 .1212E+01
.7470E+03 .1293E+01 .1198E+01 .7957E-01 .1214E+01
.7480E+03 .1290E+01 .1195E+01 .7928E-01 .1211E+01
.7490E+03 .1275E+01 .1182E+01 .7825E-01 .1198E+01
.7500E+03 .1274E+01 .1181E+01 .7808E-01 .1197E+01
.7510E+03 .1261E+01 .1170E+01 .7716E-01 .1185E+01
.7520E+03 .1266E+01 .1175E+01 .7736E-01 .1190E+01
.7530E+03 .1272E+01 .1181E+01 .7761E-01 .1196E+01
.7540E+03 .1275E+01 .1184E+01 .7765E-01 .1199E+01
.7550E+03 .1268E+01 .1177E+01 .7706E-01 .1192E+01
.7560E+03 .1267E+01 .1177E+01 .7685E-01 .1191E+01
.7570E+03 .1269E+01 .1179E+01 .7680E-01 .1193E+01
.7580E+03 .1254E+01 .1165E+01 .7569E-01 .1179E+01
.7590E+03 .1250E+01 .1153E+01 .7438E-01 .1167E+01
.7600E+03 .1250E+01 .5310E+00 .1997E-01 .5228E+00
.7610E+03 .1246E+01 .4006E+00 .1241E-01 .3918E+00
.7620E+03 .1224E+01 .8541E+00 .4499E-01 .8539E+00
.7630E+03 .1247E+01 .6379E+00 .2704E-01 .6312E+00
.7640E+03 .1240E+01 .7601E+00 .3640E-01 .7562E+00
.7650E+03 .1227E+01 .8554E+00 .4465E-01 .8548E+00
.7660E+03 .1177E+01 .9128E+00 .5117E-01 .9156E+00
.7670E+03 .1217E+01 .1029E+01 .6105E-01 .1035E+01
.7680E+03 .1222E+01 .1097E+01 .6772E-01 .1107E+01
.7690E+03 .1210E+01 .1101E+01 .6841E-01 .1111E+01
.7700E+03 .1210E+01 .1117E+01 .6994E-01 .1128E+01
.7710E+03 .1202E+01 .1117E+01 .7006E-01 .1128E+01
.7720E+03 .1199E+01 .1116E+01 .6995E-01 .1127E+01
.7730E+03 .1206E+01 .1124E+01 .7023E-01 .1135E+01
.7740E+03 .1199E+01 .1118E+01 .6969E-01 .1128E+01
.7750E+03 .1189E+01 .1109E+01 .6897E-01 .1119E+01
.7760E+03 .1203E+01 .1122E+01 .6961E-01 .1133E+01
.7770E+03 .1187E+01 .1108E+01 .6852E-01 .1118E+01
.7780E+03 .1180E+01 .1101E+01 .6793E-01 .1111E+01
.7790E+03 .1181E+01 .1102E+01 .6781E-01 .1112E+01
.7800E+03 .1174E+01 .1096E+01 .6725E-01 .1105E+01
.7810E+03 .1175E+01 .1097E+01 .6714E-01 .1106E+01
.7820E+03 .1182E+01 .1104E+01 .6739E-01 .1113E+01
.7830E+03 .1161E+01 .1085E+01 .6604E-01 .1094E+01
.7840E+03 .1166E+01 .1090E+01 .6617E-01 .1098E+01
.7850E+03 .1159E+01 .1083E+01 .6555E-01 .1091E+01
.7860E+03 .1173E+01 .1096E+01 .6614E-01 .1104E+01
.7870E+03 .1168E+01 .1087E+01 .6522E-01 .1095E+01
.7880E+03 .1162E+01 .1079E+01 .6444E-01 .1086E+01
.7890E+03 .1168E+01 .1082E+01 .6438E-01 .1089E+01
.7900E+03 .1166E+01 .1070E+01 .6307E-01 .1076E+01
.7910E+03 .1150E+01 .1064E+01 .6288E-01 .1070E+01
.7920E+03 .1139E+01 .1054E+01 .6218E-01 .1060E+01
.7930E+03 .1124E+01 .1039E+01 .6107E-01 .1045E+01
.7940E+03 .1111E+01 .1039E+01 .6130E-01 .1045E+01
.7950E+03 .1137E+01 .1061E+01 .6233E-01 .1067E+01
.7960E+03 .1141E+01 .1051E+01 .6103E-01 .1056E+01
.7970E+03 .1140E+01 .1052E+01 .6098E-01 .1057E+01
.7980E+03 .1139E+01 .1063E+01 .6187E-01 .1068E+01
.7990E+03 .1140E+01 .1060E+01 .6148E-01 .1066E+01
.8000E+03 .1130E+01 .1048E+01 .6047E-01 .1053E+01
.8010E+03 .1133E+01 .1049E+01 .6026E-01 .1053E+01
.8020E+03 .1128E+01 .1045E+01 .5992E-01 .1050E+01
.8030E+03 .1123E+01 .1040E+01 .5940E-01 .1044E+01
.8040E+03 .1121E+01 .1039E+01 .5925E-01 .1043E+01
.8050E+03 .1107E+01 .1030E+01 .5870E-01 .1034E+01
.8060E+03 .1122E+01 .1049E+01 .5986E-01 .1054E+01
.8070E+03 .1113E+01 .1039E+01 .5907E-01 .1043E+01
.8080E+03 .1111E+01 .1039E+01 .5891E-01 .1043E+01
.8090E+03 .1102E+01 .1027E+01 .5792E-01 .1030E+01
.8100E+03 .1105E+01 .1026E+01 .5760E-01 .1029E+01
.8110E+03 .1116E+01 .1034E+01 .5775E-01 .1037E+01
.8120E+03 .1117E+01 .1021E+01 .5646E-01 .1024E+01
.8130E+03 .1119E+01 .1013E+01 .5553E-01 .1015E+01
.8140E+03 .1112E+01 .9533E+00 .5062E-01 .9535E+00
.8150E+03 .1106E+01 .9489E+00 .5030E-01 .9490E+00
.8160E+03 .1104E+01 .9067E+00 .4762E-01 .9063E+00
.8170E+03 .1100E+01 .9119E+00 .4795E-01 .9116E+00
.8180E+03 .1078E+01 .8904E+00 .4649E-01 .8898E+00
.8190E+03 .1072E+01 .9352E+00 .4989E-01 .9356E+00
.8200E+03 .1065E+01 .9048E+00 .4760E-01 .9045E+00
.8210E+03 .1064E+01 .9771E+00 .5293E-01 .9784E+00
.8220E+03 .1066E+01 .9641E+00 .5180E-01 .9649E+00
.8230E+03 .1077E+01 .7999E+00 .3923E-01 .7969E+00
.8240E+03 .1074E+01 .9599E+00 .5091E-01 .9600E+00
.8250E+03 .1071E+01 .9688E+00 .5173E-01 .9693E+00
.8260E+03 .1079E+01 .9568E+00 .5039E-01 .9565E+00
.8270E+03 .1077E+01 .9814E+00 .5222E-01 .9817E+00
.8280E+03 .1071E+01 .9048E+00 .4648E-01 .9034E+00
.8290E+03 .1064E+01 .9461E+00 .4963E-01 .9457E+00
.8300E+03 .1061E+01 .9412E+00 .4913E-01 .9405E+00
.8310E+03 .1055E+01 .9407E+00 .4906E-01 .9400E+00
.8320E+03 .1058E+01 .9271E+00 .4793E-01 .9260E+00
.8330E+03 .1025E+01 .9416E+00 .4937E-01 .9411E+00
.8340E+03 .1030E+01 .9297E+00 .4813E-01 .9286E+00
.8350E+03 .1046E+01 .9762E+00 .5138E-01 .9760E+00
.8360E+03 .1051E+01 .9609E+00 .4984E-01 .9599E+00
.8370E+03 .1046E+01 .9775E+00 .5122E-01 .9770E+00
.8380E+03 .1030E+01 .9575E+00 .4986E-01 .9567E+00
.8390E+03 .1027E+01 .9612E+00 .5014E-01 .9605E+00
.8400E+03 .1044E+01 .9794E+00 .5102E-01 .9786E+00
.8410E+03 .1038E+01 .9706E+00 .5033E-01 .9695E+00
.8420E+03 .1029E+01 .9655E+00 .5008E-01 .9645E+00
.8430E+03 .1017E+01 .9578E+00 .4969E-01 .9568E+00
.8440E+03 .1010E+01 .9490E+00 .4903E-01 .9478E+00
.8450E+03 .1034E+01 .9751E+00 .5036E-01 .9738E+00
.8460E+03 .1028E+01 .9699E+00 .4998E-01 .9686E+00
.8470E+03 .1005E+01 .9496E+00 .4886E-01 .9482E+00
.8480E+03 .1004E+01 .9470E+00 .4855E-01 .9455E+00
.8490E+03 .9755E+00 .9204E+00 .4706E-01 .9187E+00
.8500E+03 .9336E+00 .8813E+00 .4496E-01 .8797E+00
.8510E+03 .9946E+00 .9367E+00 .4760E-01 .9347E+00
.8520E+03 .9850E+00 .9288E+00 .4711E-01 .9268E+00
.8530E+03 .9433E+00 .8912E+00 .4514E-01 .8892E+00
.8540E+03 .8184E+00 .7720E+00 .3897E-01 .7701E+00
.8550E+03 .8936E+00 .8448E+00 .4260E-01 .8427E+00
.8560E+03 .9789E+00 .9249E+00 .4650E-01 .9225E+00
.8570E+03 .9971E+00 .9434E+00 .4735E-01 .9408E+00
.8580E+03 .9912E+00 .9375E+00 .4692E-01 .9348E+00
.8590E+03 .9901E+00 .9371E+00 .4681E-01 .9344E+00
.8600E+03 .9903E+00 .9379E+00 .4675E-01 .9350E+00
.8610E+03 .9853E+00 .9333E+00 .4640E-01 .9303E+00
.8620E+03 .1000E+01 .9475E+00 .4700E-01 .9444E+00
.8630E+03 .1024E+01 .9700E+00 .4799E-01 .9667E+00
.8640E+03 .9722E+00 .9215E+00 .4549E-01 .9183E+00
.8650E+03 .9633E+00 .9134E+00 .4497E-01 .9100E+00
.8660E+03 .8662E+00 .8213E+00 .4034E-01 .8182E+00
.8670E+03 .9038E+00 .8572E+00 .4200E-01 .8538E+00
.8680E+03 .9833E+00 .9328E+00 .4559E-01 .9290E+00
.8690E+03 .9627E+00 .9134E+00 .4454E-01 .9096E+00
.8700E+03 .9901E+00 .9395E+00 .4570E-01 .9355E+00
.8710E+03 .9766E+00 .9269E+00 .4497E-01 .9228E+00
.8720E+03 .9729E+00 .9235E+00 .4470E-01 .9194E+00
.8730E+03 .9709E+00 .9218E+00 .4451E-01 .9175E+00
.8740E+03 .9593E+00 .9109E+00 .4388E-01 .9066E+00
.8750E+03 .9401E+00 .8927E+00 .4289E-01 .8883E+00
.8760E+03 .9502E+00 .9023E+00 .4324E-01 .8978E+00
.8770E+03 .9594E+00 .9112E+00 .4357E-01 .9066E+00
.8780E+03 .9708E+00 .9218E+00 .4396E-01 .9170E+00
.8790E+03 .9556E+00 .9076E+00 .4318E-01 .9028E+00
.8800E+03 .9350E+00 .8882E+00 .4215E-01 .8833E+00
.8810E+03 .9237E+00 .8766E+00 .4147E-01 .8717E+00
.8820E+03 .9442E+00 .8961E+00 .4228E-01 .8910E+00
.8830E+03 .9454E+00 .8977E+00 .4228E-01 .8925E+00
.8840E+03 .9416E+00 .8941E+00 .4199E-01 .8888E+00
.8850E+03 .9486E+00 .9009E+00 .4221E-01 .8955E+00
.8860E+03 .9132E+00 .8643E+00 .4030E-01 .8588E+00
.8870E+03 .9164E+00 .8695E+00 .4051E-01 .8640E+00
.8880E+03 .9363E+00 .8860E+00 .4112E-01 .8802E+00
.8890E+03 .9366E+00 .8901E+00 .4131E-01 .8843E+00
.8900E+03 .9393E+00 .8891E+00 .4106E-01 .8832E+00
.8910E+03 .9322E+00 .8848E+00 .4082E-01 .8788E+00
.8920E+03 .9173E+00 .8664E+00 .3974E-01 .8603E+00
.8930E+03 .9118E+00 .8514E+00 .3871E-01 .8451E+00
.8940E+03 .9140E+00 .8404E+00 .3775E-01 .8336E+00
.8950E+03 .9104E+00 .8204E+00 .3630E-01 .8133E+00
.8960E+03 .9238E+00 .8004E+00 .3499E-01 .7930E+00
.8970E+03 .9099E+00 .7368E+00 .3128E-01 .7291E+00
.8980E+03 .9137E+00 .7712E+00 .3316E-01 .7636E+00
.8990E+03 .9110E+00 .6568E+00 .2647E-01 .6485E+00
.9000E+03 .8902E+00 .7652E+00 .3311E-01 .7579E+00
.9010E+03 .8596E+00 .6738E+00 .2779E-01 .6659E+00
.9020E+03 .8684E+00 .7208E+00 .3063E-01 .7133E+00
.9030E+03 .9014E+00 .7433E+00 .3128E-01 .7353E+00
.9040E+03 .9104E+00 .8392E+00 .3690E-01 .8317E+00
.9050E+03 .9078E+00 .8234E+00 .3585E-01 .8157E+00
.9060E+03 .8868E+00 .7850E+00 .3381E-01 .7773E+00
.9070E+03 .8940E+00 .7093E+00 .2920E-01 .7009E+00
.9080E+03 .8783E+00 .7133E+00 .2950E-01 .7050E+00
.9090E+03 .8604E+00 .7350E+00 .3093E-01 .7270E+00
.9100E+03 .8774E+00 .7087E+00 .2868E-01 .6999E+00
.9110E+03 .8728E+00 .7216E+00 .2953E-01 .7129E+00
.9120E+03 .8740E+00 .7376E+00 .3061E-01 .7292E+00
.9130E+03 .8932E+00 .7200E+00 .2887E-01 .7108E+00
.9140E+03 .8826E+00 .7070E+00 .2855E-01 .6982E+00
.9150E+03 .8753E+00 .7437E+00 .3028E-01 .7347E+00
.9160E+03 .8791E+00 .6689E+00 .2648E-01 .6600E+00
.9170E+03 .8667E+00 .7606E+00 .3141E-01 .7518E+00
.9180E+03 .8709E+00 .6819E+00 .2701E-01 .6728E+00
.9190E+03 .8739E+00 .7673E+00 .3166E-01 .7583E+00
.9200E+03 .8632E+00 .7578E+00 .3153E-01 .7492E+00
.9210E+03 .8416E+00 .7681E+00 .3216E-01 .7596E+00
.9220E+03 .8384E+00 .7289E+00 .2968E-01 .7201E+00
.9230E+03 .8153E+00 .7428E+00 .3094E-01 .7345E+00
.9240E+03 .8412E+00 .7418E+00 .3018E-01 .7328E+00
.9250E+03 .8410E+00 .7329E+00 .2964E-01 .7238E+00
.9260E+03 .8302E+00 .7340E+00 .2973E-01 .7249E+00
.9270E+03 .8567E+00 .7841E+00 .3231E-01 .7749E+00
.9280E+03 .8581E+00 .6880E+00 .2628E-01 .6779E+00
.9290E+03 .8467E+00 .6542E+00 .2437E-01 .6440E+00
.9300E+03 .8511E+00 .5922E+00 .2110E-01 .5819E+00
.9310E+03 .8511E+00 .5461E+00 .1924E-01 .5365E+00
.9320E+03 .8466E+00 .4584E+00 .1516E-01 .4493E+00
.9330E+03 .8498E+00 .4201E+00 .1324E-01 .4112E+00
.9340E+03 .8477E+00 .3332E+00 .9352E-02 .3249E+00
.9350E+03 .8377E+00 .4056E+00 .1311E-01 .3973E+00
.9360E+03 .8335E+00 .3143E+00 .9229E-02 .3069E+00
.9370E+03 .8395E+00 .3378E+00 .9840E-02 .3298E+00
.9380E+03 .8388E+00 .3824E+00 .1154E-01 .3737E+00
.9390E+03 .8327E+00 .5373E+00 .1866E-01 .5276E+00
.9400E+03 .8229E+00 .5966E+00 .2141E-01 .5865E+00
.9410E+03 .7930E+00 .5124E+00 .1740E-01 .5027E+00
.9420E+03 .8095E+00 .5488E+00 .1920E-01 .5390E+00
.9430E+03 .8194E+00 .4304E+00 .1402E-01 .4217E+00
.9440E+03 .8084E+00 .4164E+00 .1377E-01 .4081E+00
.9450E+03 .8165E+00 .5209E+00 .1750E-01 .5108E+00
.9460E+03 .8194E+00 .3504E+00 .1041E-01 .3422E+00
.9470E+03 .8212E+00 .5335E+00 .1774E-01 .5230E+00
.9480E+03 .8219E+00 .4274E+00 .1351E-01 .4183E+00
.9490E+03 .8212E+00 .6435E+00 .2287E-01 .6323E+00
.9500E+03 .8154E+00 .3215E+00 .8886E-02 .3134E+00
.9510E+03 .8110E+00 .6239E+00 .2200E-01 .6129E+00
.9520E+03 .8117E+00 .4392E+00 .1367E-01 .4296E+00
.9530E+03 .8043E+00 .4971E+00 .1607E-01 .4869E+00
.9540E+03 .7797E+00 .5372E+00 .1821E-01 .5270E+00
.9550E+03 .7665E+00 .4987E+00 .1648E-01 .4888E+00
.9560E+03 .7989E+00 .4713E+00 .1498E-01 .4613E+00
.9570E+03 .7927E+00 .4415E+00 .1352E-01 .4317E+00
.9580E+03 .8013E+00 .5554E+00 .1913E-01 .5451E+00
.9590E+03 .8021E+00 .5139E+00 .1681E-01 .5035E+00
.9600E+03 .7908E+00 .5558E+00 .1845E-01 .5449E+00
.9610E+03 .7946E+00 .5780E+00 .1964E-01 .5670E+00
.9620E+03 .7878E+00 .5615E+00 .1889E-01 .5507E+00
.9630E+03 .7839E+00 .6017E+00 .2086E-01 .5908E+00
.9640E+03 .7836E+00 .5690E+00 .1930E-01 .5582E+00
.9650E+03 .7805E+00 .5897E+00 .2036E-01 .5789E+00
.9660E+03 .7742E+00 .5992E+00 .2078E-01 .5883E+00
.9670E+03 .7809E+00 .6038E+00 .2090E-01 .5927E+00
.9680E+03 .7798E+00 .6800E+00 .2496E-01 .6690E+00
.9690E+03 .7793E+00 .7047E+00 .2590E-01 .6933E+00
.9700E+03 .7785E+00 .6741E+00 .2440E-01 .6628E+00
.9710E+03 .7761E+00 .7174E+00 .2668E-01 .7061E+00
.9720E+03 .7779E+00 .6986E+00 .2568E-01 .6874E+00
.9730E+03 .7697E+00 .6586E+00 .2349E-01 .6473E+00
.9740E+03 .7603E+00 .6366E+00 .2234E-01 .6252E+00
.9750E+03 .7695E+00 .6427E+00 .2281E-01 .6315E+00
.9760E+03 .7652E+00 .6345E+00 .2221E-01 .6232E+00
.9770E+03 .7635E+00 .6692E+00 .2405E-01 .6578E+00
.9780E+03 .7624E+00 .6552E+00 .2321E-01 .6438E+00
.9790E+03 .7560E+00 .6693E+00 .2397E-01 .6578E+00
.9800E+03 .7599E+00 .6458E+00 .2278E-01 .6344E+00
.9810E+03 .7640E+00 .7088E+00 .2580E-01 .6971E+00
.9820E+03 .7614E+00 .6937E+00 .2492E-01 .6819E+00
.9830E+03 .7559E+00 .6771E+00 .2407E-01 .6653E+00
.9840E+03 .7549E+00 .7119E+00 .2600E-01 .7002E+00
.9850E+03 .7555E+00 .6892E+00 .2463E-01 .6774E+00
.9860E+03 .7499E+00 .7149E+00 .2619E-01 .7033E+00
.9870E+03 .7484E+00 .7093E+00 .2581E-01 .6976E+00
.9880E+03 .7494E+00 .7090E+00 .2573E-01 .6972E+00
.9890E+03 .7376E+00 .7065E+00 .2581E-01 .6950E+00
.9900E+03 .7407E+00 .7028E+00 .2545E-01 .6910E+00
.9910E+03 .7420E+00 .7099E+00 .2581E-01 .6981E+00
.9920E+03 .7443E+00 .7128E+00 .2588E-01 .7010E+00
.9930E+03 .7423E+00 .7063E+00 .2548E-01 .6944E+00
.9940E+03 .7423E+00 .7116E+00 .2575E-01 .6997E+00
.9950E+03 .7390E+00 .7093E+00 .2564E-01 .6974E+00
.9960E+03 .7384E+00 .7080E+00 .2553E-01 .6960E+00
.9970E+03 .7381E+00 .7081E+00 .2550E-01 .6962E+00
.9980E+03 .7356E+00 .7054E+00 .2534E-01 .6934E+00
.9990E+03 .7322E+00 .7025E+00 .2519E-01 .6905E+00
.1000E+04 .7312E+00 .7001E+00 .2503E-01 .6881E+00
.1001E+04 .7357E+00 .7061E+00 .2523E-01 .6939E+00
.1002E+04 .7325E+00 .6969E+00 .2471E-01 .6847E+00
.1003E+04 .7238E+00 .6944E+00 .2472E-01 .6823E+00
.1004E+04 .7105E+00 .6800E+00 .2413E-01 .6682E+00
.1005E+04 .6783E+00 .6515E+00 .2313E-01 .6402E+00
.1006E+04 .7083E+00 .6790E+00 .2403E-01 .6671E+00
.1007E+04 .7213E+00 .6922E+00 .2447E-01 .6801E+00
.1008E+04 .7208E+00 .6906E+00 .2435E-01 .6784E+00
.1009E+04 .7204E+00 .6889E+00 .2421E-01 .6767E+00
.1010E+04 .7193E+00 .6872E+00 .2409E-01 .6749E+00
.1011E+04 .7172E+00 .6887E+00 .2418E-01 .6764E+00
.1012E+04 .7146E+00 .6848E+00 .2397E-01 .6726E+00
.1013E+04 .7146E+00 .6865E+00 .2403E-01 .6743E+00
.1014E+04 .7096E+00 .6818E+00 .2382E-01 .6695E+00
.1015E+04 .7055E+00 .6777E+00 .2363E-01 .6655E+00
.1016E+04 .7028E+00 .6749E+00 .2349E-01 .6627E+00
.1017E+04 .7050E+00 .6770E+00 .2352E-01 .6647E+00
.1018E+04 .7004E+00 .6733E+00 .2336E-01 .6610E+00
.1019E+04 .6919E+00 .6628E+00 .2291E-01 .6506E+00
.1020E+04 .6977E+00 .6704E+00 .2318E-01 .6581E+00
.1021E+04 .6956E+00 .6689E+00 .2309E-01 .6566E+00
.1022E+04 .6925E+00 .6651E+00 .2290E-01 .6528E+00
.1023E+04 .7005E+00 .6725E+00 .2312E-01 .6601E+00
.1024E+04 .6981E+00 .6679E+00 .2287E-01 .6555E+00
.1025E+04 .6976E+00 .6708E+00 .2299E-01 .6583E+00
.1026E+04 .6962E+00 .6689E+00 .2288E-01 .6564E+00
.1027E+04 .6944E+00 .6673E+00 .2279E-01 .6548E+00
.1028E+04 .6935E+00 .6663E+00 .2271E-01 .6537E+00
.1029E+04 .6858E+00 .6588E+00 .2241E-01 .6464E+00
.1030E+04 .6881E+00 .6619E+00 .2250E-01 .6493E+00
.1031E+04 .6864E+00 .6599E+00 .2238E-01 .6474E+00
.1032E+04 .6836E+00 .6575E+00 .2227E-01 .6450E+00
.1033E+04 .6734E+00 .6477E+00 .2190E-01 .6354E+00
.1034E+04 .6732E+00 .6477E+00 .2186E-01 .6353E+00
.1035E+04 .6753E+00 .6497E+00 .2190E-01 .6372E+00
.1036E+04 .6795E+00 .6536E+00 .2198E-01 .6410E+00
.1037E+04 .6682E+00 .6426E+00 .2158E-01 .6302E+00
.1038E+04 .6714E+00 .6458E+00 .2165E-01 .6333E+00
.1039E+04 .6714E+00 .6457E+00 .2161E-01 .6331E+00
.1040E+04 .6688E+00 .6432E+00 .2148E-01 .6306E+00
.1041E+04 .6720E+00 .6461E+00 .2154E-01 .6335E+00
.1042E+04 .6674E+00 .6417E+00 .2136E-01 .6291E+00
.1043E+04 .6656E+00 .6399E+00 .2126E-01 .6273E+00
.1044E+04 .6683E+00 .6424E+00 .2131E-01 .6298E+00
.1045E+04 .6596E+00 .6340E+00 .2099E-01 .6214E+00
.1046E+04 .6527E+00 .6273E+00 .2073E-01 .6148E+00
.1047E+04 .6590E+00 .6332E+00 .2088E-01 .6206E+00
.1048E+04 .6631E+00 .6370E+00 .2097E-01 .6243E+00
.1049E+04 .6612E+00 .6348E+00 .2085E-01 .6221E+00
.1050E+04 .6587E+00 .6322E+00 .2073E-01 .6194E+00
