Wvlgth Extraterrestrial_spectrm Direct_normal_irradiance Difuse_horizn_irradiance Global_horizn_irradiance
.2800E+03 .7607E-01 .3486E-17 .1030E-17 .4332E-17
.2805E+03 .9919E-01 .4810E-16 .1431E-16 .5986E-16
.2810E+03 .1664E+00 .1996E-15 .5799E-16 .2470E-15
.2815E+03 .2337E+00 .2743E-14 .7984E-15 .3396E-14
.2820E+03 .2827E+00 .1369E-13 .3926E-14 .1689E-13
.2825E+03 .3046E+00 .3825E-13 .1071E-13 .4693E-13
.2830E+03 .3325E+00 .1190E-12 .3249E-13 .1452E-12
.2835E+03 .3125E+00 .1879E-12 .4953E-13 .2275E-12
.2840E+03 .3113E+00 .2000E-11 .5267E-12 .2421E-11
.2845E+03 .2437E+00 .4753E-11 .1931E-11 .6432E-11
.2850E+03 .1149E+00 .7319E-11 .3406E-11 .1034E-10
.2855E+03 .1335E+00 .3417E-10 .1949E-10 .5185E-10
.2860E+03 .2915E+00 .1323E-09 .8070E-10 .2060E-09
.2865E+03 .3472E+00 .5001E-09 .3836E-09 .8572E-09
.2870E+03 .3663E+00 .1244E-08 .1173E-08 .2351E-08
.2875E+03 .3667E+00 .3792E-08 .5382E-08 .8973E-08
.2880E+03 .2428E+00 .1026E-07 .7342E-08 .1706E-07
.2885E+03 .3479E+00 .3138E-07 .2317E-07 .5289E-07
.2890E+03 .4073E+00 .7954E-07 .6094E-07 .1363E-06
.2895E+03 .4762E+00 .2181E-06 .1765E-06 .3831E-06
.2900E+03 .5989E+00 .5489E-06 .4598E-06 .9797E-06
.2905E+03 .6262E+00 .1031E-05 .8805E-06 .1857E-05
.2910E+03 .5911E+00 .1963E-05 .1752E-05 .3611E-05
.2915E+03 .5837E+00 .4704E-05 .4090E-05 .8545E-05
.2920E+03 .5554E+00 .9235E-05 .7939E-05 .1669E-04
.2925E+03 .4814E+00 .1210E-04 .9833E-05 .2129E-04
.2930E+03 .5499E+00 .2330E-04 .1801E-04 .4007E-04
.2935E+03 .5585E+00 .4818E-04 .3601E-04 .8164E-04
.2940E+03 .4886E+00 .6862E-04 .4740E-04 .1124E-03
.2945E+03 .5269E+00 .1067E-03 .8646E-04 .1875E-03
.2950E+03 .5003E+00 .1599E-03 .1378E-03 .2892E-03
.2955E+03 .5644E+00 .3167E-03 .1938E-03 .4937E-03
.2960E+03 .6021E+00 .4998E-03 .3231E-03 .7964E-03
.2965E+03 .4776E+00 .5739E-03 .3918E-03 .9353E-03
.2970E+03 .4112E+00 .6614E-03 .4717E-03 .1098E-02
.2975E+03 .5794E+00 .1401E-02 .1070E-02 .2397E-02
.2980E+03 .5407E+00 .1822E-02 .1471E-02 .3197E-02
.2985E+03 .3673E+00 .1583E-02 .1334E-02 .2834E-02
.2990E+03 .5591E+00 .3031E-02 .2661E-02 .5531E-02
.2995E+03 .5055E+00 .3933E-02 .3716E-02 .7441E-02
.3000E+03 .4039E+00 .3874E-02 .3812E-02 .7481E-02
.3005E+03 .4257E+00 .4913E-02 .5019E-02 .9672E-02
.3010E+03 .4789E+00 .7228E-02 .7852E-02 .1470E-01
.3015E+03 .5134E+00 .9653E-02 .1094E-01 .2008E-01
.3020E+03 .3629E+00 .7603E-02 .8496E-02 .1570E-01
.3025E+03 .5272E+00 .1332E-01 .1462E-01 .2724E-01
.3030E+03 .6561E+00 .2084E-01 .2240E-01 .4213E-01
.3035E+03 .6676E+00 .2419E-01 .2596E-01 .4887E-01
.3040E+03 .5595E+00 .2167E-01 .2314E-01 .4366E-01
.3045E+03 .6284E+00 .2831E-01 .3025E-01 .5706E-01
.3050E+03 .6524E+00 .3575E-01 .3837E-01 .7222E-01
.3055E+03 .5938E+00 .3667E-01 .3938E-01 .7411E-01
.3060E+03 .5257E+00 .3414E-01 .3651E-01 .6885E-01
.3065E+03 .5679E+00 .3975E-01 .4241E-01 .8005E-01
.3070E+03 .6246E+00 .5066E-01 .5426E-01 .1022E+00
.3075E+03 .6317E+00 .5854E-01 .6293E-01 .1184E+00
.3080E+03 .6363E+00 .6071E-01 .6495E-01 .1224E+00
.3085E+03 .6595E+00 .6715E-01 .8031E-01 .1439E+00
.3090E+03 .5448E+00 .5841E-01 .6886E-01 .1242E+00
.3095E+03 .4977E+00 .6117E-01 .7021E-01 .1281E+00
.3100E+03 .4507E+00 .5907E-01 .6680E-01 .1227E+00
.3105E+03 .6927E+00 .9404E-01 .1052E+00 .1943E+00
.3110E+03 .7985E+00 .1142E+00 .1262E+00 .2343E+00
.3115E+03 .7410E+00 .1088E+00 .1192E+00 .2222E+00
.3120E+03 .6222E+00 .1008E+00 .1085E+00 .2039E+00
.3125E+03 .6753E+00 .1167E+00 .1241E+00 .2346E+00
.3130E+03 .6894E+00 .1235E+00 .1302E+00 .2472E+00
.3135E+03 .7031E+00 .1235E+00 .1296E+00 .2465E+00
.3140E+03 .7690E+00 .1451E+00 .1504E+00 .2877E+00
.3145E+03 .5747E+00 .1185E+00 .1213E+00 .2335E+00
.3150E+03 .7307E+00 .1539E+00 .1564E+00 .3022E+00
.3155E+03 .6593E+00 .1346E+00 .1362E+00 .2637E+00
.3160E+03 .5022E+00 .1099E+00 .1102E+00 .2143E+00
.3165E+03 .6426E+00 .1491E+00 .1481E+00 .2894E+00
.3170E+03 .7974E+00 .1859E+00 .1834E+00 .3594E+00
.3175E+03 .8530E+00 .1972E+00 .1934E+00 .3802E+00
.3180E+03 .6149E+00 .1481E+00 .1441E+00 .2843E+00
.3185E+03 .6612E+00 .1705E+00 .1658E+00 .3273E+00
.3190E+03 .7301E+00 .1952E+00 .1900E+00 .3748E+00
.3195E+03 .6621E+00 .1697E+00 .1623E+00 .3230E+00
.3200E+03 .8108E+00 .2074E+00 .1968E+00 .3932E+00
.3205E+03 .8800E+00 .2404E+00 .2300E+00 .4576E+00
.3210E+03 .6933E+00 .2001E+00 .1927E+00 .3822E+00
.3215E+03 .6544E+00 .1909E+00 .1831E+00 .3639E+00
.3220E+03 .7898E+00 .2198E+00 .2067E+00 .4149E+00
.3225E+03 .6800E+00 .1908E+00 .1784E+00 .3591E+00
.3230E+03 .6204E+00 .1812E+00 .1700E+00 .3416E+00
.3235E+03 .6621E+00 .2055E+00 .2020E+00 .3966E+00
.3240E+03 .7574E+00 .2382E+00 .2334E+00 .4590E+00
.3245E+03 .8012E+00 .2483E+00 .2403E+00 .4755E+00
.3250E+03 .7601E+00 .2280E+00 .2092E+00 .4251E+00
.3255E+03 .9125E+00 .2824E+00 .2690E+00 .5364E+00
.3260E+03 .1020E+01 .3288E+00 .3150E+00 .6264E+00
.3265E+03 .9665E+00 .3202E+00 .3073E+00 .6106E+00
.3270E+03 .9783E+00 .3234E+00 .3078E+00 .6141E+00
.3275E+03 .9656E+00 .3174E+00 .2994E+00 .6000E+00
.3280E+03 .9239E+00 .2951E+00 .2737E+00 .5531E+00
.3285E+03 .8854E+00 .2956E+00 .2761E+00 .5560E+00
.3290E+03 .9928E+00 .3416E+00 .3202E+00 .6437E+00
.3295E+03 .1104E+01 .3843E+00 .3591E+00 .7230E+00
.3300E+03 .1127E+01 .3919E+00 .3634E+00 .7345E+00
.3305E+03 .9429E+00 .3233E+00 .2960E+00 .6021E+00
.3310E+03 .9744E+00 .3332E+00 .3026E+00 .6182E+00
.3315E+03 .9516E+00 .3320E+00 .3015E+00 .6159E+00
.3320E+03 .9754E+00 .3486E+00 .3173E+00 .6475E+00
.3325E+03 .9425E+00 .3410E+00 .3096E+00 .6325E+00
.3330E+03 .9492E+00 .3433E+00 .3094E+00 .6345E+00
.3335E+03 .8885E+00 .3183E+00 .2836E+00 .5851E+00
.3340E+03 .9130E+00 .3277E+00 .2901E+00 .6005E+00
.3345E+03 .1008E+01 .3693E+00 .3273E+00 .6771E+00
.3350E+03 .9247E+00 .3428E+00 .3033E+00 .6280E+00
.3355E+03 .1039E+01 .3886E+00 .3698E+00 .7378E+00
.3360E+03 .7171E+00 .2692E+00 .2551E+00 .5100E+00
.3365E+03 .8774E+00 .3284E+00 .2854E+00 .5964E+00
.3370E+03 .7297E+00 .2727E+00 .2351E+00 .4933E+00
.3375E+03 .9106E+00 .3409E+00 .2921E+00 .6149E+00
.3380E+03 .8594E+00 .3267E+00 .2798E+00 .5893E+00
.3385E+03 .9603E+00 .3679E+00 .3342E+00 .6826E+00
.3390E+03 .9509E+00 .3664E+00 .3269E+00 .6739E+00
.3395E+03 .9095E+00 .3517E+00 .3153E+00 .6484E+00
.3400E+03 .1099E+01 .4244E+00 .3559E+00 .7579E+00
.3405E+03 .9851E+00 .3824E+00 .3192E+00 .6814E+00
.3410E+03 .9347E+00 .3661E+00 .3209E+00 .6676E+00
.3415E+03 .8610E+00 .3392E+00 .2897E+00 .6109E+00
.3420E+03 .1028E+01 .4066E+00 .3438E+00 .7289E+00
.3425E+03 .9602E+00 .3817E+00 .3197E+00 .6812E+00
.3430E+03 .1051E+01 .4189E+00 .3532E+00 .7499E+00
.3435E+03 .9860E+00 .3940E+00 .3332E+00 .7063E+00
.3440E+03 .7431E+00 .2963E+00 .2625E+00 .5431E+00
.3445E+03 .7286E+00 .2928E+00 .2498E+00 .5271E+00
.3450E+03 .9677E+00 .3917E+00 .3238E+00 .6948E+00
.3455E+03 .9870E+00 .4015E+00 .3275E+00 .7078E+00
.3460E+03 .8377E+00 .3423E+00 .2764E+00 .6005E+00
.3465E+03 .9469E+00 .3884E+00 .3111E+00 .6789E+00
.3470E+03 .1012E+01 .4164E+00 .3346E+00 .7289E+00
.3475E+03 .8158E+00 .3367E+00 .2702E+00 .5891E+00
.3480E+03 .9305E+00 .3858E+00 .3047E+00 .6701E+00
.3485E+03 .9299E+00 .3869E+00 .3024E+00 .6688E+00
.3490E+03 .8606E+00 .3596E+00 .2791E+00 .6196E+00
.3495E+03 .8493E+00 .3562E+00 .2757E+00 .6130E+00
.3500E+03 .1048E+01 .4412E+00 .3395E+00 .7573E+00
.3505E+03 .1103E+01 .4660E+00 .3568E+00 .7981E+00
.3510E+03 .9831E+00 .4163E+00 .3185E+00 .7128E+00
.3515E+03 .9509E+00 .4034E+00 .3115E+00 .6936E+00
.3520E+03 .1021E+01 .4351E+00 .3315E+00 .7435E+00
.3525E+03 .7960E+00 .3405E+00 .2567E+00 .5792E+00
.3530E+03 .1001E+01 .4297E+00 .3214E+00 .7284E+00
.3535E+03 .1068E+01 .4602E+00 .3417E+00 .7775E+00
.3540E+03 .1108E+01 .4784E+00 .3528E+00 .8059E+00
.3545E+03 .1123E+01 .4862E+00 .3569E+00 .8173E+00
.3550E+03 .1117E+01 .4853E+00 .3551E+00 .8147E+00
.3555E+03 .1006E+01 .4391E+00 .3197E+00 .7356E+00
.3560E+03 .1051E+01 .4603E+00 .3335E+00 .7693E+00
.3565E+03 .8965E+00 .3937E+00 .2839E+00 .6567E+00
.3570E+03 .7403E+00 .3259E+00 .2339E+00 .5426E+00
.3575E+03 .9054E+00 .3997E+00 .2855E+00 .6640E+00
.3580E+03 .7166E+00 .3174E+00 .2255E+00 .5260E+00
.3585E+03 .6117E+00 .2717E+00 .1921E+00 .4494E+00
.3590E+03 .8547E+00 .3807E+00 .2681E+00 .6286E+00
.3595E+03 .1088E+01 .4857E+00 .3414E+00 .8014E+00
.3600E+03 .1152E+01 .5158E+00 .3606E+00 .8490E+00
.3605E+03 .9195E+00 .4129E+00 .2871E+00 .6781E+00
.3610E+03 .8364E+00 .3768E+00 .2606E+00 .6174E+00
.3615E+03 .9596E+00 .4339E+00 .2988E+00 .7097E+00
.3620E+03 .8266E+00 .3752E+00 .2573E+00 .6126E+00
.3625E+03 .1140E+01 .5193E+00 .3547E+00 .8464E+00
.3630E+03 .1021E+01 .4665E+00 .3173E+00 .7592E+00
.3635E+03 .9378E+00 .4299E+00 .2913E+00 .6984E+00
.3640E+03 .1144E+01 .5261E+00 .3550E+00 .8532E+00
.3645E+03 .9764E+00 .4501E+00 .3024E+00 .7287E+00
.3650E+03 .9928E+00 .4589E+00 .3070E+00 .7416E+00
.3655E+03 .1244E+01 .5766E+00 .3841E+00 .9301E+00
.3660E+03 .1315E+01 .6113E+00 .4056E+00 .9846E+00
.3665E+03 .1232E+01 .5748E+00 .3797E+00 .9241E+00
.3670E+03 .1198E+01 .5603E+00 .3685E+00 .8992E+00
.3675E+03 .1242E+01 .5820E+00 .3811E+00 .9322E+00
.3680E+03 .1085E+01 .5096E+00 .3323E+00 .8149E+00
.3685E+03 .1093E+01 .5148E+00 .3345E+00 .8220E+00
.3690E+03 .1178E+01 .5566E+00 .3602E+00 .8873E+00
.3695E+03 .1254E+01 .5941E+00 .3829E+00 .9455E+00
.3700E+03 .1334E+01 .6342E+00 .4071E+00 .1008E+01
.3705E+03 .1034E+01 .4927E+00 .3150E+00 .7817E+00
.3710E+03 .1102E+01 .5270E+00 .3357E+00 .8348E+00
.3715E+03 .1378E+01 .6602E+00 .4187E+00 .1044E+01
.3720E+03 .9135E+00 .4387E+00 .2771E+00 .6925E+00
.3725E+03 .1094E+01 .5266E+00 .3312E+00 .8299E+00
.3730E+03 .1110E+01 .5361E+00 .3359E+00 .8436E+00
.3735E+03 .7210E+00 .3491E+00 .2180E+00 .5486E+00
.3740E+03 .1046E+01 .5078E+00 .3158E+00 .7967E+00
.3745E+03 .8648E+00 .4209E+00 .2608E+00 .6594E+00
.3750E+03 .8396E+00 .4096E+00 .2527E+00 .6407E+00
.3755E+03 .1253E+01 .6124E+00 .3763E+00 .9562E+00
.3760E+03 .1037E+01 .5083E+00 .3110E+00 .7924E+00
.3765E+03 .1074E+01 .5274E+00 .3214E+00 .8209E+00
.3770E+03 .1135E+01 .5590E+00 .3394E+00 .8687E+00
.3775E+03 .1326E+01 .6547E+00 .3960E+00 .1016E+01
.3780E+03 .1437E+01 .7108E+00 .4282E+00 .1101E+01
.3785E+03 .1357E+01 .6728E+00 .4037E+00 .1041E+01
.3790E+03 .1120E+01 .5562E+00 .3324E+00 .8591E+00
.3795E+03 .1023E+01 .5089E+00 .3028E+00 .7848E+00
.3800E+03 .1063E+01 .5298E+00 .3140E+00 .8157E+00
.3805E+03 .1285E+01 .6421E+00 .3792E+00 .9874E+00
.3810E+03 .1285E+01 .6438E+00 .3789E+00 .9887E+00
.3815E+03 .1016E+01 .5106E+00 .2994E+00 .7830E+00
.3820E+03 .9005E+00 .4537E+00 .2651E+00 .6947E+00
.3825E+03 .7659E+00 .3869E+00 .2253E+00 .5917E+00
.3830E+03 .7078E+00 .3584E+00 .2080E+00 .5474E+00
.3835E+03 .6806E+00 .3454E+00 .1997E+00 .5268E+00
.3840E+03 .7499E+00 .3813E+00 .2196E+00 .5808E+00
.3845E+03 .1101E+01 .5614E+00 .3221E+00 .8538E+00
.3850E+03 .1091E+01 .5572E+00 .3186E+00 .8463E+00
.3855E+03 .1014E+01 .5194E+00 .2959E+00 .7878E+00
.3860E+03 .8674E+00 .4453E+00 .2528E+00 .6745E+00
.3865E+03 .1137E+01 .5853E+00 .3312E+00 .8856E+00
.3870E+03 .9444E+00 .4870E+00 .2745E+00 .7357E+00
.3875E+03 .1060E+01 .5476E+00 .3076E+00 .8261E+00
.3880E+03 .9773E+00 .5061E+00 .2832E+00 .7625E+00
.3885E+03 .9646E+00 .5007E+00 .2793E+00 .7534E+00
.3890E+03 .1040E+01 .5410E+00 .3007E+00 .8130E+00
.3895E+03 .1258E+01 .6559E+00 .3632E+00 .9843E+00
.3900E+03 .1261E+01 .6588E+00 .3636E+00 .9875E+00
.3905E+03 .1160E+01 .6069E+00 .3337E+00 .9085E+00
.3910E+03 .1363E+01 .7150E+00 .3918E+00 .1069E+01
.3915E+03 .1389E+01 .7301E+00 .3986E+00 .1090E+01
.3920E+03 .1169E+01 .6155E+00 .3349E+00 .9178E+00
.3925E+03 .1045E+01 .5515E+00 .2990E+00 .8213E+00
.3930E+03 .5807E+00 .3071E+00 .1660E+00 .4568E+00
.3935E+03 .4215E+00 .2234E+00 .1203E+00 .3319E+00
.3940E+03 .8568E+00 .4550E+00 .2442E+00 .6751E+00
.3945E+03 .1088E+01 .5789E+00 .3096E+00 .8579E+00
.3950E+03 .1326E+01 .7070E+00 .3768E+00 .1046E+01
.3955E+03 .1347E+01 .7190E+00 .3818E+00 .1063E+01
.3960E+03 .1166E+01 .6239E+00 .3302E+00 .9210E+00
.3965E+03 .6805E+00 .3649E+00 .1925E+00 .5381E+00
.3970E+03 .5101E+00 .2741E+00 .1441E+00 .4037E+00
.3975E+03 .1036E+01 .5579E+00 .2923E+00 .8207E+00
.3980E+03 .1451E+01 .7823E+00 .4083E+00 .1149E+01
.3985E+03 .1499E+01 .8092E+00 .4209E+00 .1187E+01
.3990E+03 .1619E+01 .8765E+00 .4546E+00 .1285E+01
.3995E+03 .1612E+01 .8744E+00 .4519E+00 .1280E+01
.4000E+03 .1674E+01 .9091E+00 .4681E+00 .1329E+01
.4010E+03 .1715E+01 .9348E+00 .4837E+00 .1369E+01
.4020E+03 .1804E+01 .9875E+00 .5078E+00 .1443E+01
.4030E+03 .1709E+01 .9392E+00 .4800E+00 .1369E+01
.4040E+03 .1680E+01 .9261E+00 .4702E+00 .1347E+01
.4050E+03 .1677E+01 .9274E+00 .4677E+00 .1346E+01
.4060E+03 .1645E+01 .9134E+00 .4579E+00 .1323E+01
.4070E+03 .1614E+01 .8997E+00 .4483E+00 .1300E+01
.4080E+03 .1676E+01 .9365E+00 .4635E+00 .1350E+01
.4090E+03 .1791E+01 .1004E+01 .4936E+00 .1444E+01
.4100E+03 .1561E+01 .8779E+00 .4291E+00 .1261E+01
.4110E+03 .1687E+01 .9520E+00 .4625E+00 .1364E+01
.4120E+03 .1806E+01 .1023E+01 .4942E+00 .1463E+01
.4130E+03 .1761E+01 .9996E+00 .4796E+00 .1426E+01
.4140E+03 .1778E+01 .1013E+01 .4833E+00 .1443E+01
.4150E+03 .1778E+01 .1017E+01 .4821E+00 .1445E+01
.4160E+03 .1804E+01 .1035E+01 .4883E+00 .1469E+01
.4170E+03 .1758E+01 .1011E+01 .4741E+00 .1432E+01
.4180E+03 .1723E+01 .9942E+00 .4632E+00 .1405E+01
.4190E+03 .1742E+01 .1008E+01 .4671E+00 .1422E+01
.4200E+03 .1733E+01 .1005E+01 .4629E+00 .1415E+01
.4210E+03 .1809E+01 .1053E+01 .4821E+00 .1479E+01
.4220E+03 .1717E+01 .1002E+01 .4561E+00 .1405E+01
.4230E+03 .1674E+01 .9801E+00 .4435E+00 .1372E+01
.4240E+03 .1769E+01 .1038E+01 .4671E+00 .1450E+01
.4250E+03 .1763E+01 .1038E+01 .4642E+00 .1447E+01
.4260E+03 .1711E+01 .1011E+01 .4500E+00 .1407E+01
.4270E+03 .1677E+01 .9933E+00 .4396E+00 .1380E+01
.4280E+03 .1633E+01 .9690E+00 .4263E+00 .1344E+01
.4290E+03 .1542E+01 .9182E+00 .4019E+00 .1271E+01
.4300E+03 .1347E+01 .8042E+00 .3501E+00 .1112E+01
.4310E+03 .1335E+01 .7987E+00 .3456E+00 .1102E+01
.4320E+03 .1719E+01 .1032E+01 .4443E+00 .1421E+01
.4330E+03 .1726E+01 .1039E+01 .4448E+00 .1428E+01
.4340E+03 .1602E+01 .9658E+00 .4113E+00 .1326E+01
.4350E+03 .1672E+01 .1010E+01 .4277E+00 .1385E+01
.4360E+03 .1879E+01 .1139E+01 .4798E+00 .1558E+01
.4370E+03 .1848E+01 .1124E+01 .4712E+00 .1535E+01
.4380E+03 .1679E+01 .1024E+01 .4272E+00 .1397E+01
.4390E+03 .1740E+01 .1062E+01 .4400E+00 .1445E+01
.4400E+03 .1792E+01 .1096E+01 .4521E+00 .1490E+01
.4410E+03 .1852E+01 .1136E+01 .4667E+00 .1543E+01
.4420E+03 .1984E+01 .1220E+01 .4985E+00 .1654E+01
.4430E+03 .1934E+01 .1191E+01 .4839E+00 .1612E+01
.4440E+03 .1972E+01 .1218E+01 .4921E+00 .1645E+01
.4450E+03 .1930E+01 .1193E+01 .4796E+00 .1610E+01
.4460E+03 .1836E+01 .1139E+01 .4557E+00 .1534E+01
.4470E+03 .1980E+01 .1231E+01 .4903E+00 .1657E+01
.4480E+03 .2014E+01 .1253E+01 .4961E+00 .1683E+01
.4490E+03 .2014E+01 .1258E+01 .4959E+00 .1687E+01
.4500E+03 .2066E+01 .1294E+01 .5077E+00 .1733E+01
.4510E+03 .2141E+01 .1343E+01 .5244E+00 .1797E+01
.4520E+03 .2060E+01 .1295E+01 .5032E+00 .1730E+01
.4530E+03 .1935E+01 .1219E+01 .4714E+00 .1626E+01
.4540E+03 .2016E+01 .1273E+01 .4901E+00 .1696E+01
.4550E+03 .2027E+01 .1283E+01 .4912E+00 .1706E+01
.4560E+03 .2073E+01 .1314E+01 .5010E+00 .1746E+01
.4570E+03 .2106E+01 .1338E+01 .5074E+00 .1774E+01
.4580E+03 .2036E+01 .1295E+01 .4884E+00 .1714E+01
.4590E+03 .2023E+01 .1289E+01 .4840E+00 .1704E+01
.4600E+03 .2028E+01 .1294E+01 .4836E+00 .1709E+01
.4610E+03 .2073E+01 .1325E+01 .4929E+00 .1748E+01
.4620E+03 .2085E+01 .1336E+01 .4947E+00 .1760E+01
.4630E+03 .2071E+01 .1328E+01 .4894E+00 .1747E+01
.4640E+03 .2031E+01 .1306E+01 .4792E+00 .1716E+01
.4650E+03 .2000E+01 .1290E+01 .4712E+00 .1693E+01
.4660E+03 .2016E+01 .1303E+01 .4740E+00 .1708E+01
.4670E+03 .1981E+01 .1281E+01 .4637E+00 .1677E+01
.4680E+03 .2003E+01 .1298E+01 .4676E+00 .1697E+01
.4690E+03 .2013E+01 .1306E+01 .4686E+00 .1706E+01
.4700E+03 .1949E+01 .1267E+01 .4522E+00 .1652E+01
.4710E+03 .1945E+01 .1266E+01 .4500E+00 .1649E+01
.4720E+03 .2050E+01 .1336E+01 .4725E+00 .1738E+01
.4730E+03 .2023E+01 .1321E+01 .4650E+00 .1716E+01
.4740E+03 .2030E+01 .1326E+01 .4643E+00 .1720E+01
.4750E+03 .2052E+01 .1340E+01 .4671E+00 .1737E+01
.4760E+03 .1995E+01 .1304E+01 .4523E+00 .1688E+01
.4770E+03 .2004E+01 .1311E+01 .4525E+00 .1694E+01
.4780E+03 .2056E+01 .1348E+01 .4633E+00 .1740E+01
.4790E+03 .2039E+01 .1339E+01 .4584E+00 .1726E+01
.4800E+03 .2038E+01 .1341E+01 .4572E+00 .1727E+01
.4810E+03 .2070E+01 .1365E+01 .4637E+00 .1756E+01
.4820E+03 .2075E+01 .1371E+01 .4642E+00 .1763E+01
.4830E+03 .2044E+01 .1354E+01 .4567E+00 .1739E+01
.4840E+03 .1999E+01 .1327E+01 .4457E+00 .1702E+01
.4850E+03 .1902E+01 .1265E+01 .4230E+00 .1621E+01
.4860E+03 .1660E+01 .1106E+01 .3684E+00 .1415E+01
.4870E+03 .1736E+01 .1159E+01 .3847E+00 .1482E+01
.4880E+03 .1905E+01 .1273E+01 .4206E+00 .1626E+01
.4890E+03 .1913E+01 .1279E+01 .4207E+00 .1632E+01
.4900E+03 .2009E+01 .1345E+01 .4410E+00 .1715E+01
.4910E+03 .1971E+01 .1323E+01 .4320E+00 .1685E+01
.4920E+03 .1861E+01 .1250E+01 .4068E+00 .1591E+01
.4930E+03 .1921E+01 .1292E+01 .4188E+00 .1643E+01
.4940E+03 .1939E+01 .1306E+01 .4216E+00 .1658E+01
.4950E+03 .1955E+01 .1318E+01 .4238E+00 .1672E+01
.4960E+03 .1966E+01 .1327E+01 .4250E+00 .1682E+01
.4970E+03 .1996E+01 .1349E+01 .4305E+00 .1708E+01
.4980E+03 .1902E+01 .1287E+01 .4093E+00 .1628E+01
.4990E+03 .1927E+01 .1306E+01 .4135E+00 .1650E+01
.5000E+03 .1873E+01 .1270E+01 .4013E+00 .1604E+01
.5010E+03 .1841E+01 .1249E+01 .3929E+00 .1575E+01
.5020E+03 .1821E+01 .1235E+01 .3865E+00 .1556E+01
.5030E+03 .1901E+01 .1289E+01 .4016E+00 .1622E+01
.5040E+03 .1874E+01 .1267E+01 .3921E+00 .1592E+01
.5050E+03 .1923E+01 .1305E+01 .4031E+00 .1639E+01
.5060E+03 .1986E+01 .1350E+01 .4151E+00 .1693E+01
.5070E+03 .1889E+01 .1286E+01 .3941E+00 .1612E+01
.5080E+03 .1824E+01 .1245E+01 .3803E+00 .1559E+01
.5090E+03 .1870E+01 .1279E+01 .3895E+00 .1601E+01
.5100E+03 .1857E+01 .1272E+01 .3859E+00 .1591E+01
.5110E+03 .1902E+01 .1306E+01 .3948E+00 .1631E+01
.5120E+03 .1921E+01 .1320E+01 .3979E+00 .1648E+01
.5130E+03 .1817E+01 .1251E+01 .3759E+00 .1561E+01
.5140E+03 .1802E+01 .1243E+01 .3723E+00 .1549E+01
.5150E+03 .1784E+01 .1232E+01 .3676E+00 .1534E+01
.5160E+03 .1780E+01 .1230E+01 .3660E+00 .1531E+01
.5170E+03 .1580E+01 .1094E+01 .3243E+00 .1360E+01
.5180E+03 .1662E+01 .1151E+01 .3401E+00 .1431E+01
.5190E+03 .1743E+01 .1209E+01 .3558E+00 .1501E+01
.5200E+03 .1807E+01 .1254E+01 .3678E+00 .1556E+01
.5210E+03 .1825E+01 .1267E+01 .3703E+00 .1571E+01
.5220E+03 .1828E+01 .1270E+01 .3697E+00 .1573E+01
.5230E+03 .1796E+01 .1249E+01 .3623E+00 .1545E+01
.5240E+03 .1863E+01 .1296E+01 .3746E+00 .1602E+01
.5250E+03 .1889E+01 .1315E+01 .3782E+00 .1623E+01
.5260E+03 .1805E+01 .1257E+01 .3603E+00 .1551E+01
.5270E+03 .1704E+01 .1187E+01 .3388E+00 .1463E+01
.5280E+03 .1805E+01 .1257E+01 .3574E+00 .1548E+01
.5290E+03 .1905E+01 .1327E+01 .3756E+00 .1632E+01
.5300E+03 .1879E+01 .1310E+01 .3692E+00 .1610E+01
.5310E+03 .1908E+01 .1331E+01 .3737E+00 .1634E+01
.5320E+03 .1843E+01 .1287E+01 .3599E+00 .1579E+01
.5330E+03 .1789E+01 .1250E+01 .3483E+00 .1532E+01
.5340E+03 .1840E+01 .1288E+01 .3574E+00 .1577E+01
.5350E+03 .1878E+01 .1316E+01 .3637E+00 .1610E+01
.5360E+03 .1894E+01 .1328E+01 .3656E+00 .1624E+01
.5370E+03 .1817E+01 .1276E+01 .3500E+00 .1559E+01
.5380E+03 .1848E+01 .1300E+01 .3551E+00 .1586E+01
.5390E+03 .1832E+01 .1291E+01 .3511E+00 .1573E+01
.5400E+03 .1758E+01 .1239E+01 .3356E+00 .1509E+01
.5410E+03 .1775E+01 .1251E+01 .3373E+00 .1522E+01
.5420E+03 .1833E+01 .1292E+01 .3469E+00 .1571E+01
.5430E+03 .1809E+01 .1278E+01 .3418E+00 .1552E+01
.5440E+03 .1845E+01 .1303E+01 .3470E+00 .1581E+01
.5450E+03 .1838E+01 .1299E+01 .3445E+00 .1575E+01
.5460E+03 .1851E+01 .1308E+01 .3450E+00 .1583E+01
.5470E+03 .1846E+01 .1305E+01 .3430E+00 .1579E+01
.5480E+03 .1822E+01 .1290E+01 .3375E+00 .1559E+01
.5490E+03 .1826E+01 .1294E+01 .3375E+00 .1563E+01
.5500E+03 .1847E+01 .1311E+01 .3406E+00 .1582E+01
.5510E+03 .1824E+01 .1296E+01 .3354E+00 .1563E+01
.5520E+03 .1836E+01 .1306E+01 .3365E+00 .1574E+01
.5530E+03 .1804E+01 .1284E+01 .3294E+00 .1546E+01
.5540E+03 .1848E+01 .1316E+01 .3360E+00 .1582E+01
.5550E+03 .1853E+01 .1320E+01 .3354E+00 .1585E+01
.5560E+03 .1830E+01 .1304E+01 .3299E+00 .1564E+01
.5570E+03 .1774E+01 .1265E+01 .3186E+00 .1516E+01
.5580E+03 .1764E+01 .1257E+01 .3151E+00 .1505E+01
.5590E+03 .1734E+01 .1235E+01 .3082E+00 .1478E+01
.5600E+03 .1757E+01 .1253E+01 .3111E+00 .1497E+01
.5610E+03 .1782E+01 .1271E+01 .3143E+00 .1518E+01
.5620E+03 .1772E+01 .1264E+01 .3112E+00 .1509E+01
.5630E+03 .1825E+01 .1302E+01 .3188E+00 .1551E+01
.5640E+03 .1778E+01 .1268E+01 .3092E+00 .1510E+01
.5650E+03 .1766E+01 .1260E+01 .3055E+00 .1498E+01
.5660E+03 .1742E+01 .1243E+01 .3000E+00 .1477E+01
.5670E+03 .1779E+01 .1269E+01 .3048E+00 .1507E+01
.5680E+03 .1773E+01 .1264E+01 .3016E+00 .1498E+01
.5690E+03 .1752E+01 .1244E+01 .2948E+00 .1473E+01
.5700E+03 .1748E+01 .1243E+01 .2934E+00 .1471E+01
.5710E+03 .1732E+01 .1234E+01 .2901E+00 .1458E+01
.5720E+03 .1787E+01 .1271E+01 .2969E+00 .1500E+01
.5730E+03 .1808E+01 .1286E+01 .2992E+00 .1517E+01
.5740E+03 .1805E+01 .1284E+01 .2974E+00 .1514E+01
.5750E+03 .1776E+01 .1263E+01 .2911E+00 .1488E+01
.5760E+03 .1760E+01 .1253E+01 .2874E+00 .1474E+01
.5770E+03 .1777E+01 .1267E+01 .2894E+00 .1489E+01
.5780E+03 .1745E+01 .1246E+01 .2837E+00 .1464E+01
.5790E+03 .1743E+01 .1248E+01 .2833E+00 .1465E+01
.5800E+03 .1763E+01 .1266E+01 .2867E+00 .1486E+01
.5810E+03 .1762E+01 .1269E+01 .2865E+00 .1489E+01
.5820E+03 .1786E+01 .1291E+01 .2905E+00 .1513E+01
.5830E+03 .1783E+01 .1292E+01 .2899E+00 .1513E+01
.5840E+03 .1794E+01 .1302E+01 .2912E+00 .1524E+01
.5850E+03 .1747E+01 .1270E+01 .2829E+00 .1485E+01
.5860E+03 .1711E+01 .1244E+01 .2760E+00 .1454E+01
.5870E+03 .1755E+01 .1274E+01 .2813E+00 .1488E+01
.5880E+03 .1738E+01 .1256E+01 .2751E+00 .1465E+01
.5890E+03 .1596E+01 .1137E+01 .2462E+00 .1323E+01
.5900E+03 .1664E+01 .1188E+01 .2564E+00 .1382E+01
.5910E+03 .1728E+01 .1243E+01 .2684E+00 .1446E+01
.5920E+03 .1726E+01 .1238E+01 .2658E+00 .1438E+01
.5930E+03 .1730E+01 .1246E+01 .2673E+00 .1448E+01
.5940E+03 .1727E+01 .1244E+01 .2655E+00 .1443E+01
.5950E+03 .1699E+01 .1221E+01 .2593E+00 .1416E+01
.5960E+03 .1725E+01 .1250E+01 .2660E+00 .1450E+01
.5970E+03 .1713E+01 .1241E+01 .2628E+00 .1438E+01
.5980E+03 .1698E+01 .1234E+01 .2610E+00 .1430E+01
.5990E+03 .1693E+01 .1234E+01 .2603E+00 .1429E+01
.6000E+03 .1684E+01 .1231E+01 .2593E+00 .1425E+01
.6010E+03 .1663E+01 .1218E+01 .2558E+00 .1409E+01
.6020E+03 .1650E+01 .1209E+01 .2530E+00 .1398E+01
.6030E+03 .1674E+01 .1228E+01 .2559E+00 .1419E+01
.6040E+03 .1701E+01 .1248E+01 .2590E+00 .1441E+01
.6050E+03 .1690E+01 .1242E+01 .2567E+00 .1433E+01
.6060E+03 .1679E+01 .1237E+01 .2551E+00 .1427E+01
.6070E+03 .1692E+01 .1250E+01 .2570E+00 .1441E+01
.6080E+03 .1670E+01 .1236E+01 .2535E+00 .1424E+01
.6090E+03 .1670E+01 .1239E+01 .2532E+00 .1426E+01
.6100E+03 .1654E+01 .1229E+01 .2503E+00 .1414E+01
.6110E+03 .1661E+01 .1236E+01 .2509E+00 .1421E+01
.6120E+03 .1654E+01 .1232E+01 .2492E+00 .1416E+01
.6130E+03 .1632E+01 .1216E+01 .2452E+00 .1397E+01
.6140E+03 .1607E+01 .1199E+01 .2411E+00 .1377E+01
.6150E+03 .1639E+01 .1226E+01 .2456E+00 .1406E+01
.6160E+03 .1582E+01 .1185E+01 .2367E+00 .1359E+01
.6170E+03 .1577E+01 .1183E+01 .2355E+00 .1356E+01
.6180E+03 .1637E+01 .1229E+01 .2437E+00 .1407E+01
.6190E+03 .1619E+01 .1216E+01 .2404E+00 .1392E+01
.6200E+03 .1630E+01 .1224E+01 .2410E+00 .1401E+01
.6210E+03 .1635E+01 .1226E+01 .2401E+00 .1401E+01
.6220E+03 .1619E+01 .1207E+01 .2345E+00 .1378E+01
.6230E+03 .1598E+01 .1184E+01 .2283E+00 .1350E+01
.6240E+03 .1568E+01 .1167E+01 .2248E+00 .1330E+01
.6250E+03 .1564E+01 .1171E+01 .2255E+00 .1334E+01
.6260E+03 .1588E+01 .1191E+01 .2288E+00 .1357E+01
.6270E+03 .1614E+01 .1210E+01 .2314E+00 .1377E+01
.6280E+03 .1612E+01 .1175E+01 .2200E+00 .1333E+01
.6290E+03 .1612E+01 .1199E+01 .2265E+00 .1362E+01
.6300E+03 .1578E+01 .1174E+01 .2209E+00 .1333E+01
.6310E+03 .1579E+01 .1188E+01 .2243E+00 .1350E+01
.6320E+03 .1555E+01 .1174E+01 .2215E+00 .1334E+01
.6330E+03 .1588E+01 .1206E+01 .2275E+00 .1370E+01
.6340E+03 .1562E+01 .1191E+01 .2242E+00 .1352E+01
.6350E+03 .1581E+01 .1208E+01 .2269E+00 .1371E+01
.6360E+03 .1554E+01 .1190E+01 .2227E+00 .1349E+01
.6370E+03 .1576E+01 .1207E+01 .2253E+00 .1369E+01
.6380E+03 .1583E+01 .1216E+01 .2264E+00 .1378E+01
.6390E+03 .1562E+01 .1202E+01 .2232E+00 .1362E+01
.6400E+03 .1543E+01 .1190E+01 .2204E+00 .1347E+01
.6410E+03 .1539E+01 .1189E+01 .2196E+00 .1346E+01
.6420E+03 .1528E+01 .1183E+01 .2178E+00 .1338E+01
.6430E+03 .1548E+01 .1200E+01 .2202E+00 .1356E+01
.6440E+03 .1540E+01 .1195E+01 .2186E+00 .1350E+01
.6450E+03 .1545E+01 .1199E+01 .2187E+00 .1354E+01
.6460E+03 .1521E+01 .1179E+01 .2139E+00 .1330E+01
.6470E+03 .1529E+01 .1179E+01 .2125E+00 .1329E+01
.6480E+03 .1543E+01 .1185E+01 .2128E+00 .1335E+01
.6490E+03 .1513E+01 .1163E+01 .2080E+00 .1310E+01
.6500E+03 .1482E+01 .1151E+01 .2064E+00 .1297E+01
.6510E+03 .1538E+01 .1198E+01 .2143E+00 .1349E+01
.6520E+03 .1520E+01 .1171E+01 .2076E+00 .1317E+01
.6530E+03 .1518E+01 .1184E+01 .2103E+00 .1331E+01
.6540E+03 .1496E+01 .1169E+01 .2071E+00 .1314E+01
.6550E+03 .1463E+01 .1137E+01 .2000E+00 .1276E+01
.6560E+03 .1281E+01 .1000E+01 .1759E+00 .1123E+01
.6570E+03 .1315E+01 .1027E+01 .1800E+00 .1152E+01
.6580E+03 .1463E+01 .1145E+01 .2002E+00 .1285E+01
.6590E+03 .1467E+01 .1149E+01 .2002E+00 .1288E+01
.6600E+03 .1471E+01 .1149E+01 .1990E+00 .1287E+01
.6610E+03 .1481E+01 .1148E+01 .1973E+00 .1284E+01
.6620E+03 .1490E+01 .1146E+01 .1953E+00 .1281E+01
.6630E+03 .1458E+01 .1127E+01 .1921E+00 .1260E+01
.6640E+03 .1466E+01 .1145E+01 .1956E+00 .1280E+01
.6650E+03 .1460E+01 .1147E+01 .1961E+00 .1283E+01
.6660E+03 .1458E+01 .1151E+01 .1968E+00 .1287E+01
.6670E+03 .1453E+01 .1152E+01 .1967E+00 .1288E+01
.6680E+03 .1450E+01 .1153E+01 .1965E+00 .1288E+01
.6690E+03 .1471E+01 .1171E+01 .1992E+00 .1308E+01
.6700E+03 .1463E+01 .1166E+01 .1979E+00 .1302E+01
.6710E+03 .1461E+01 .1166E+01 .1974E+00 .1302E+01
.6720E+03 .1448E+01 .1156E+01 .1952E+00 .1290E+01
.6730E+03 .1468E+01 .1174E+01 .1977E+00 .1309E+01
.6740E+03 .1461E+01 .1170E+01 .1964E+00 .1304E+01
.6750E+03 .1447E+01 .1159E+01 .1942E+00 .1292E+01
.6760E+03 .1455E+01 .1167E+01 .1950E+00 .1300E+01
.6770E+03 .1440E+01 .1155E+01 .1925E+00 .1287E+01
.6780E+03 .1443E+01 .1158E+01 .1925E+00 .1290E+01
.6790E+03 .1418E+01 .1140E+01 .1890E+00 .1268E+01
.6800E+03 .1429E+01 .1149E+01 .1901E+00 .1279E+01
.6810E+03 .1419E+01 .1142E+01 .1886E+00 .1271E+01
.6820E+03 .1418E+01 .1142E+01 .1880E+00 .1269E+01
.6830E+03 .1415E+01 .1140E+01 .1874E+00 .1267E+01
.6840E+03 .1408E+01 .1135E+01 .1861E+00 .1261E+01
.6850E+03 .1418E+01 .1145E+01 .1874E+00 .1272E+01
.6860E+03 .1412E+01 .1140E+01 .1860E+00 .1265E+01
.6870E+03 .1429E+01 .9632E+00 .1395E+00 .1052E+01
.6880E+03 .1413E+01 .1025E+01 .1553E+00 .1126E+01
.6890E+03 .1410E+01 .1026E+01 .1554E+00 .1127E+01
.6900E+03 .1400E+01 .1044E+01 .1602E+00 .1148E+01
.6910E+03 .1389E+01 .1063E+01 .1658E+00 .1172E+01
.6920E+03 .1377E+01 .1076E+01 .1698E+00 .1189E+01
.6930E+03 .1379E+01 .1076E+01 .1698E+00 .1189E+01
.6940E+03 .1383E+01 .1076E+01 .1697E+00 .1188E+01
.6950E+03 .1383E+01 .1094E+01 .1742E+00 .1210E+01
.6960E+03 .1394E+01 .1099E+01 .1748E+00 .1215E+01
.6970E+03 .1388E+01 .1123E+01 .1810E+00 .1245E+01
.6980E+03 .1369E+01 .1107E+01 .1784E+00 .1227E+01
.6990E+03 .1387E+01 .1108E+01 .1771E+00 .1226E+01
.7000E+03 .1370E+01 .1095E+01 .1751E+00 .1212E+01
.7010E+03 .1367E+01 .1090E+01 .1742E+00 .1207E+01
.7020E+03 .1359E+01 .1090E+01 .1748E+00 .1207E+01
.7030E+03 .1365E+01 .1093E+01 .1752E+00 .1210E+01
.7040E+03 .1379E+01 .1113E+01 .1792E+00 .1233E+01
.7050E+03 .1381E+01 .1116E+01 .1800E+00 .1237E+01
.7060E+03 .1367E+01 .1109E+01 .1794E+00 .1230E+01
.7070E+03 .1364E+01 .1109E+01 .1797E+00 .1230E+01
.7080E+03 .1367E+01 .1112E+01 .1804E+00 .1233E+01
.7090E+03 .1354E+01 .1105E+01 .1800E+00 .1227E+01
.7100E+03 .1360E+01 .1110E+01 .1807E+00 .1232E+01
.7110E+03 .1354E+01 .1106E+01 .1804E+00 .1228E+01
.7120E+03 .1343E+01 .1099E+01 .1797E+00 .1221E+01
.7130E+03 .1335E+01 .1092E+01 .1786E+00 .1213E+01
.7140E+03 .1340E+01 .1096E+01 .1796E+00 .1218E+01
.7150E+03 .1315E+01 .1071E+01 .1753E+00 .1190E+01
.7160E+03 .1322E+01 .1076E+01 .1762E+00 .1195E+01
.7170E+03 .1340E+01 .1026E+01 .1623E+00 .1134E+01
.7180E+03 .1319E+01 .9773E+00 .1538E+00 .1079E+01
.7190E+03 .1294E+01 .9169E+00 .1430E+00 .1011E+01
.7200E+03 .1320E+01 .9581E+00 .1499E+00 .1057E+01
.7210E+03 .1305E+01 .9903E+00 .1586E+00 .1097E+01
.7220E+03 .1304E+01 .1056E+01 .1737E+00 .1174E+01
.7230E+03 .1316E+01 .1025E+01 .1664E+00 .1137E+01
.7240E+03 .1305E+01 .9716E+00 .1551E+00 .1075E+01
.7250E+03 .1296E+01 .9687E+00 .1544E+00 .1072E+01
.7260E+03 .1298E+01 .9956E+00 .1595E+00 .1102E+01
.7270E+03 .1307E+01 .9960E+00 .1608E+00 .1104E+01
.7280E+03 .1284E+01 .9689E+00 .1545E+00 .1072E+01
.7290E+03 .1258E+01 .9682E+00 .1563E+00 .1073E+01
.7300E+03 .1289E+01 .1012E+01 .1646E+00 .1123E+01
.7310E+03 .1279E+01 .9848E+00 .1588E+00 .1091E+01
.7320E+03 .1282E+01 .1016E+01 .1665E+00 .1128E+01
.7330E+03 .1278E+01 .1038E+01 .1726E+00 .1156E+01
.7340E+03 .1291E+01 .1054E+01 .1758E+00 .1174E+01
.7350E+03 .1273E+01 .1037E+01 .1727E+00 .1155E+01
.7360E+03 .1267E+01 .1035E+01 .1726E+00 .1153E+01
.7370E+03 .1277E+01 .1041E+01 .1734E+00 .1160E+01
.7380E+03 .1256E+01 .1038E+01 .1741E+00 .1157E+01
.7390E+03 .1234E+01 .1019E+01 .1709E+00 .1136E+01
.7400E+03 .1253E+01 .1039E+01 .1746E+00 .1158E+01
.7410E+03 .1232E+01 .1024E+01 .1723E+00 .1142E+01
.7420E+03 .1226E+01 .1022E+01 .1720E+00 .1140E+01
.7430E+03 .1256E+01 .1047E+01 .1761E+00 .1168E+01
.7440E+03 .1248E+01 .1042E+01 .1752E+00 .1162E+01
.7450E+03 .1245E+01 .1041E+01 .1749E+00 .1161E+01
.7460E+03 .1251E+01 .1046E+01 .1756E+00 .1166E+01
.7470E+03 .1253E+01 .1048E+01 .1757E+00 .1168E+01
.7480E+03 .1250E+01 .1046E+01 .1751E+00 .1166E+01
.7490E+03 .1235E+01 .1035E+01 .1729E+00 .1153E+01
.7500E+03 .1234E+01 .1034E+01 .1726E+00 .1152E+01
.7510E+03 .1222E+01 .1024E+01 .1707E+00 .1141E+01
.7520E+03 .1226E+01 .1029E+01 .1712E+00 .1146E+01
.7530E+03 .1232E+01 .1034E+01 .1718E+00 .1151E+01
.7540E+03 .1235E+01 .1037E+01 .1720E+00 .1154E+01
.7550E+03 .1228E+01 .1032E+01 .1708E+00 .1148E+01
.7560E+03 .1227E+01 .1031E+01 .1704E+00 .1147E+01
.7570E+03 .1229E+01 .1033E+01 .1704E+00 .1149E+01
.7580E+03 .1215E+01 .1021E+01 .1681E+00 .1135E+01
.7590E+03 .1211E+01 .1011E+01 .1652E+00 .1123E+01
.7600E+03 .1211E+01 .4657E+00 .4445E-01 .4855E+00
.7610E+03 .1207E+01 .3514E+00 .2769E-01 .3605E+00
.7620E+03 .1186E+01 .7495E+00 .1001E+00 .8099E+00
.7630E+03 .1208E+01 .5598E+00 .6026E-01 .5905E+00
.7640E+03 .1201E+01 .6671E+00 .8113E-01 .7129E+00
.7650E+03 .1189E+01 .7509E+00 .9957E-01 .8107E+00
.7660E+03 .1140E+01 .8014E+00 .1142E+00 .8732E+00
.7670E+03 .1179E+01 .9034E+00 .1363E+00 .9918E+00
.7680E+03 .1184E+01 .9636E+00 .1513E+00 .1064E+01
.7690E+03 .1172E+01 .9671E+00 .1529E+00 .1069E+01
.7700E+03 .1172E+01 .9815E+00 .1564E+00 .1086E+01
.7710E+03 .1164E+01 .9815E+00 .1568E+00 .1086E+01
.7720E+03 .1162E+01 .9813E+00 .1566E+00 .1086E+01
.7730E+03 .1168E+01 .9879E+00 .1574E+00 .1093E+01
.7740E+03 .1162E+01 .9828E+00 .1563E+00 .1087E+01
.7750E+03 .1152E+01 .9752E+00 .1547E+00 .1078E+01
.7760E+03 .1165E+01 .9872E+00 .1563E+00 .1091E+01
.7770E+03 .1150E+01 .9744E+00 .1539E+00 .1077E+01
.7780E+03 .1143E+01 .9689E+00 .1527E+00 .1070E+01
.7790E+03 .1144E+01 .9700E+00 .1525E+00 .1071E+01
.7800E+03 .1137E+01 .9647E+00 .1513E+00 .1065E+01
.7810E+03 .1138E+01 .9659E+00 .1512E+00 .1066E+01
.7820E+03 .1145E+01 .9721E+00 .1518E+00 .1072E+01
.7830E+03 .1125E+01 .9553E+00 .1489E+00 .1054E+01
.7840E+03 .1130E+01 .9599E+00 .1493E+00 .1058E+01
.7850E+03 .1123E+01 .9541E+00 .1480E+00 .1052E+01
.7860E+03 .1136E+01 .9657E+00 .1494E+00 .1064E+01
.7870E+03 .1131E+01 .9581E+00 .1474E+00 .1055E+01
.7880E+03 .1126E+01 .9510E+00 .1457E+00 .1046E+01
.7890E+03 .1131E+01 .9536E+00 .1457E+00 .1049E+01
.7900E+03 .1130E+01 .9429E+00 .1428E+00 .1036E+01
.7910E+03 .1114E+01 .9377E+00 .1425E+00 .1031E+01
.7920E+03 .1103E+01 .9295E+00 .1410E+00 .1021E+01
.7930E+03 .1089E+01 .9163E+00 .1386E+00 .1006E+01
.7940E+03 .1076E+01 .9166E+00 .1392E+00 .1007E+01
.7950E+03 .1101E+01 .9362E+00 .1416E+00 .1028E+01
.7960E+03 .1105E+01 .9272E+00 .1387E+00 .1017E+01
.7970E+03 .1104E+01 .9285E+00 .1387E+00 .1018E+01
.7980E+03 .1103E+01 .9380E+00 .1408E+00 .1029E+01
.7990E+03 .1104E+01 .9362E+00 .1400E+00 .1027E+01
.8000E+03 .1095E+01 .9252E+00 .1378E+00 .1014E+01
.8010E+03 .1098E+01 .9260E+00 .1374E+00 .1014E+01
.8020E+03 .1093E+01 .9231E+00 .1367E+00 .1011E+01
.8030E+03 .1088E+01 .9186E+00 .1356E+00 .1006E+01
.8040E+03 .1086E+01 .9181E+00 .1353E+00 .1005E+01
.8050E+03 .1072E+01 .9101E+00 .1341E+00 .9961E+00
.8060E+03 .1087E+01 .9275E+00 .1369E+00 .1015E+01
.8070E+03 .1078E+01 .9187E+00 .1351E+00 .1005E+01
.8080E+03 .1076E+01 .9184E+00 .1349E+00 .1005E+01
.8090E+03 .1067E+01 .9079E+00 .1327E+00 .9924E+00
.8100E+03 .1070E+01 .9070E+00 .1320E+00 .9910E+00
.8110E+03 .1081E+01 .9143E+00 .1324E+00 .9983E+00
.8120E+03 .1082E+01 .9033E+00 .1296E+00 .9850E+00
.8130E+03 .1084E+01 .8958E+00 .1275E+00 .9759E+00
.8140E+03 .1077E+01 .8435E+00 .1163E+00 .9151E+00
.8150E+03 .1071E+01 .8397E+00 .1157E+00 .9109E+00
.8160E+03 .1069E+01 .8025E+00 .1097E+00 .8697E+00
.8170E+03 .1066E+01 .8072E+00 .1105E+00 .8750E+00
.8180E+03 .1044E+01 .7884E+00 .1072E+00 .8538E+00
.8190E+03 .1038E+01 .8281E+00 .1150E+00 .8993E+00
.8200E+03 .1032E+01 .8013E+00 .1098E+00 .8687E+00
.8210E+03 .1031E+01 .8655E+00 .1221E+00 .9418E+00
.8220E+03 .1033E+01 .8541E+00 .1196E+00 .9284E+00
.8230E+03 .1043E+01 .7088E+00 .9078E-01 .7620E+00
.8240E+03 .1040E+01 .8506E+00 .1177E+00 .9232E+00
.8250E+03 .1037E+01 .8586E+00 .1196E+00 .9327E+00
.8260E+03 .1045E+01 .8481E+00 .1166E+00 .9198E+00
.8270E+03 .1043E+01 .8701E+00 .1209E+00 .9449E+00
.8280E+03 .1037E+01 .8022E+00 .1077E+00 .8674E+00
.8290E+03 .1031E+01 .8390E+00 .1150E+00 .9096E+00
.8300E+03 .1028E+01 .8347E+00 .1139E+00 .9045E+00
.8310E+03 .1022E+01 .8344E+00 .1138E+00 .9041E+00
.8320E+03 .1025E+01 .8225E+00 .1113E+00 .8903E+00
.8330E+03 .9928E+00 .8354E+00 .1146E+00 .9058E+00
.8340E+03 .9977E+00 .8250E+00 .1118E+00 .8931E+00
.8350E+03 .1013E+01 .8664E+00 .1194E+00 .9400E+00
.8360E+03 .1018E+01 .8530E+00 .1159E+00 .9237E+00
.8370E+03 .1013E+01 .8678E+00 .1192E+00 .9410E+00
.8380E+03 .9977E+00 .8501E+00 .1161E+00 .9212E+00
.8390E+03 .9948E+00 .8536E+00 .1168E+00 .9251E+00
.8400E+03 .1011E+01 .8698E+00 .1189E+00 .9427E+00
.8410E+03 .1005E+01 .8621E+00 .1174E+00 .9338E+00
.8420E+03 .9967E+00 .8578E+00 .1168E+00 .9292E+00
.8430E+03 .9851E+00 .8510E+00 .1160E+00 .9219E+00
.8440E+03 .9783E+00 .8433E+00 .1145E+00 .9131E+00
.8450E+03 .1002E+01 .8666E+00 .1177E+00 .9384E+00
.8460E+03 .9957E+00 .8621E+00 .1169E+00 .9333E+00
.8470E+03 .9734E+00 .8442E+00 .1143E+00 .9138E+00
.8480E+03 .9725E+00 .8420E+00 .1136E+00 .9111E+00
.8490E+03 .9452E+00 .8184E+00 .1102E+00 .8853E+00
.8500E+03 .9046E+00 .7838E+00 .1053E+00 .8476E+00
.8510E+03 .9636E+00 .8332E+00 .1116E+00 .9006E+00
.8520E+03 .9544E+00 .8263E+00 .1105E+00 .8930E+00
.8530E+03 .9140E+00 .7929E+00 .1059E+00 .8568E+00
.8540E+03 .7930E+00 .6870E+00 .9148E-01 .7421E+00
.8550E+03 .8658E+00 .7519E+00 .1000E+00 .8121E+00
.8560E+03 .9485E+00 .8233E+00 .1093E+00 .8889E+00
.8570E+03 .9661E+00 .8398E+00 .1113E+00 .9066E+00
.8580E+03 .9604E+00 .8347E+00 .1104E+00 .9008E+00
.8590E+03 .9593E+00 .8345E+00 .1102E+00 .9004E+00
.8600E+03 .9595E+00 .8353E+00 .1101E+00 .9011E+00
.8610E+03 .9547E+00 .8312E+00 .1093E+00 .8965E+00
.8620E+03 .9690E+00 .8441E+00 .1108E+00 .9101E+00
.8630E+03 .9919E+00 .8642E+00 .1132E+00 .9316E+00
.8640E+03 .9420E+00 .8211E+00 .1073E+00 .8849E+00
.8650E+03 .9334E+00 .8139E+00 .1062E+00 .8770E+00
.8660E+03 .8393E+00 .7320E+00 .9528E-01 .7885E+00
.8670E+03 .8757E+00 .7640E+00 .9924E-01 .8228E+00
.8680E+03 .9528E+00 .8316E+00 .1078E+00 .8953E+00
.8690E+03 .9328E+00 .8144E+00 .1053E+00 .8766E+00
.8700E+03 .9593E+00 .8378E+00 .1081E+00 .9015E+00
.8710E+03 .9463E+00 .8266E+00 .1065E+00 .8893E+00
.8720E+03 .9427E+00 .8237E+00 .1059E+00 .8860E+00
.8730E+03 .9408E+00 .8223E+00 .1055E+00 .8842E+00
.8740E+03 .9295E+00 .8126E+00 .1040E+00 .8736E+00
.8750E+03 .9109E+00 .7965E+00 .1018E+00 .8561E+00
.8760E+03 .9207E+00 .8052E+00 .1026E+00 .8652E+00
.8770E+03 .9296E+00 .8133E+00 .1035E+00 .8736E+00
.8780E+03 .9407E+00 .8228E+00 .1044E+00 .8837E+00
.8790E+03 .9259E+00 .8102E+00 .1026E+00 .8699E+00
.8800E+03 .9060E+00 .7930E+00 .1002E+00 .8512E+00
.8810E+03 .8950E+00 .7828E+00 .9868E-01 .8400E+00
.8820E+03 .9149E+00 .8003E+00 .1006E+00 .8585E+00
.8830E+03 .9160E+00 .8018E+00 .1007E+00 .8601E+00
.8840E+03 .9124E+00 .7987E+00 .1001E+00 .8564E+00
.8850E+03 .9191E+00 .8049E+00 .1006E+00 .8629E+00
.8860E+03 .8848E+00 .7722E+00 .9611E-01 .8274E+00
.8870E+03 .8879E+00 .7770E+00 .9667E-01 .8325E+00
.8880E+03 .9072E+00 .7918E+00 .9817E-01 .8481E+00
.8890E+03 .9075E+00 .7956E+00 .9867E-01 .8521E+00
.8900E+03 .9101E+00 .7948E+00 .9811E-01 .8508E+00
.8910E+03 .9032E+00 .7910E+00 .9759E-01 .8467E+00
.8920E+03 .8888E+00 .7747E+00 .9505E-01 .8287E+00
.8930E+03 .8835E+00 .7614E+00 .9264E-01 .8137E+00
.8940E+03 .8856E+00 .7516E+00 .9037E-01 .8022E+00
.8950E+03 .8821E+00 .7338E+00 .8696E-01 .7819E+00
.8960E+03 .8951E+00 .7160E+00 .8391E-01 .7620E+00
.8970E+03 .8816E+00 .6592E+00 .7509E-01 .6994E+00
.8980E+03 .8853E+00 .6901E+00 .7961E-01 .7331E+00
.8990E+03 .8827E+00 .5878E+00 .6369E-01 .6203E+00
.9000E+03 .8625E+00 .6849E+00 .7956E-01 .7282E+00
.9010E+03 .8329E+00 .6031E+00 .6686E-01 .6380E+00
.9020E+03 .8414E+00 .6452E+00 .7369E-01 .6848E+00
.9030E+03 .8734E+00 .6655E+00 .7528E-01 .7056E+00
.9040E+03 .8821E+00 .7514E+00 .8876E-01 .8004E+00
.9050E+03 .8796E+00 .7374E+00 .8628E-01 .7846E+00
.9060E+03 .8592E+00 .7031E+00 .8145E-01 .7473E+00
.9070E+03 .8662E+00 .6353E+00 .7046E-01 .6721E+00
.9080E+03 .8510E+00 .6390E+00 .7119E-01 .6763E+00
.9090E+03 .8336E+00 .6585E+00 .7463E-01 .6983E+00
.9100E+03 .8501E+00 .6350E+00 .6922E-01 .6706E+00
.9110E+03 .8457E+00 .6466E+00 .7131E-01 .6837E+00
.9120E+03 .8468E+00 .6610E+00 .7396E-01 .7000E+00
.9130E+03 .8654E+00 .6453E+00 .6979E-01 .6810E+00
.9140E+03 .8552E+00 .6338E+00 .6907E-01 .6693E+00
.9150E+03 .8481E+00 .6668E+00 .7322E-01 .7047E+00
.9160E+03 .8518E+00 .5997E+00 .6418E-01 .6322E+00
.9170E+03 .8397E+00 .6821E+00 .7601E-01 .7220E+00
.9180E+03 .8438E+00 .6115E+00 .6548E-01 .6446E+00
.9190E+03 .8467E+00 .6882E+00 .7668E-01 .7284E+00
.9200E+03 .8363E+00 .6798E+00 .7644E-01 .7202E+00
.9210E+03 .8154E+00 .6891E+00 .7794E-01 .7306E+00
.9220E+03 .8123E+00 .6540E+00 .7200E-01 .6914E+00
.9230E+03 .7900E+00 .6666E+00 .7506E-01 .7063E+00
.9240E+03 .8150E+00 .6658E+00 .7326E-01 .7038E+00
.9250E+03 .8148E+00 .6578E+00 .7198E-01 .6950E+00
.9260E+03 .8044E+00 .6589E+00 .7224E-01 .6962E+00
.9270E+03 .8300E+00 .7039E+00 .7852E-01 .7452E+00
.9280E+03 .8314E+00 .6177E+00 .6394E-01 .6490E+00
.9290E+03 .8203E+00 .5874E+00 .5933E-01 .6157E+00
.9300E+03 .8246E+00 .5318E+00 .5146E-01 .5551E+00
.9310E+03 .8246E+00 .4905E+00 .4701E-01 .5115E+00
.9320E+03 .8203E+00 .4117E+00 .3712E-01 .4270E+00
.9330E+03 .8234E+00 .3774E+00 .3245E-01 .3899E+00
.9340E+03 .8213E+00 .2993E+00 .2298E-01 .3065E+00
.9350E+03 .8116E+00 .3645E+00 .3222E-01 .3774E+00
.9360E+03 .8076E+00 .2824E+00 .2275E-01 .2902E+00
.9370E+03 .8134E+00 .3036E+00 .2423E-01 .3118E+00
.9380E+03 .8127E+00 .3437E+00 .2838E-01 .3539E+00
.9390E+03 .8069E+00 .4830E+00 .4577E-01 .5032E+00
.9400E+03 .7974E+00 .5364E+00 .5244E-01 .5604E+00
.9410E+03 .7684E+00 .4607E+00 .4268E-01 .4790E+00
.9420E+03 .7844E+00 .4935E+00 .4711E-01 .5145E+00
.9430E+03 .7940E+00 .3871E+00 .3454E-01 .4011E+00
.9440E+03 .7833E+00 .3745E+00 .3397E-01 .3886E+00
.9450E+03 .7912E+00 .4685E+00 .4302E-01 .4868E+00
.9460E+03 .7940E+00 .3152E+00 .2574E-01 .3242E+00
.9470E+03 .7957E+00 .4800E+00 .4362E-01 .4982E+00
.9480E+03 .7964E+00 .3845E+00 .3337E-01 .3975E+00
.9490E+03 .7957E+00 .5790E+00 .5618E-01 .6046E+00
.9500E+03 .7901E+00 .2893E+00 .2201E-01 .2960E+00
.9510E+03 .7858E+00 .5615E+00 .5413E-01 .5859E+00
.9520E+03 .7865E+00 .3953E+00 .3377E-01 .4082E+00
.9530E+03 .7793E+00 .4475E+00 .3966E-01 .4635E+00
.9540E+03 .7555E+00 .4837E+00 .4494E-01 .5030E+00
.9550E+03 .7427E+00 .4490E+00 .4071E-01 .4659E+00
.9560E+03 .7741E+00 .4244E+00 .3706E-01 .4390E+00
.9570E+03 .7681E+00 .3977E+00 .3348E-01 .4101E+00
.9580E+03 .7764E+00 .5002E+00 .4732E-01 .5211E+00
.9590E+03 .7772E+00 .4629E+00 .4161E-01 .4800E+00
.9600E+03 .7662E+00 .5007E+00 .4562E-01 .5198E+00
.9610E+03 .7699E+00 .5207E+00 .4858E-01 .5417E+00
.9620E+03 .7633E+00 .5060E+00 .4677E-01 .5260E+00
.9630E+03 .7596E+00 .5423E+00 .5163E-01 .5652E+00
.9640E+03 .7593E+00 .5128E+00 .4780E-01 .5334E+00
.9650E+03 .7563E+00 .5315E+00 .5044E-01 .5538E+00
.9660E+03 .7502E+00 .5402E+00 .5149E-01 .5630E+00
.9670E+03 .7566E+00 .5443E+00 .5181E-01 .5673E+00
.9680E+03 .7556E+00 .6131E+00 .6185E-01 .6425E+00
.9690E+03 .7551E+00 .6354E+00 .6416E-01 .6659E+00
.9700E+03 .7543E+00 .6079E+00 .6050E-01 .6362E+00
.9710E+03 .7520E+00 .6470E+00 .6614E-01 .6789E+00
.9720E+03 .7537E+00 .6302E+00 .6371E-01 .6605E+00
.9730E+03 .7458E+00 .5941E+00 .5830E-01 .6210E+00
.9740E+03 .7367E+00 .5743E+00 .5547E-01 .5993E+00
.9750E+03 .7456E+00 .5799E+00 .5670E-01 .6058E+00
.9760E+03 .7414E+00 .5726E+00 .5522E-01 .5974E+00
.9770E+03 .7398E+00 .6039E+00 .5979E-01 .6317E+00
.9780E+03 .7387E+00 .5914E+00 .5774E-01 .6178E+00
.9790E+03 .7325E+00 .6041E+00 .5962E-01 .6317E+00
.9800E+03 .7363E+00 .5830E+00 .5672E-01 .6088E+00
.9810E+03 .7403E+00 .6399E+00 .6419E-01 .6702E+00
.9820E+03 .7377E+00 .6263E+00 .6204E-01 .6552E+00
.9830E+03 .7324E+00 .6114E+00 .5994E-01 .6389E+00
.9840E+03 .7314E+00 .6428E+00 .6476E-01 .6736E+00
.9850E+03 .7320E+00 .6225E+00 .6137E-01 .6509E+00
.9860E+03 .7266E+00 .6457E+00 .6526E-01 .6768E+00
.9870E+03 .7251E+00 .6407E+00 .6435E-01 .6711E+00
.9880E+03 .7261E+00 .6405E+00 .6416E-01 .6707E+00
.9890E+03 .7147E+00 .6383E+00 .6438E-01 .6689E+00
.9900E+03 .7177E+00 .6350E+00 .6350E-01 .6649E+00
.9910E+03 .7189E+00 .6415E+00 .6443E-01 .6719E+00
.9920E+03 .7212E+00 .6442E+00 .6463E-01 .6747E+00
.9930E+03 .7192E+00 .6384E+00 .6363E-01 .6682E+00
.9940E+03 .7192E+00 .6432E+00 .6435E-01 .6735E+00
.9950E+03 .7160E+00 .6412E+00 .6409E-01 .6713E+00
.9960E+03 .7154E+00 .6400E+00 .6382E-01 .6700E+00
.9970E+03 .7151E+00 .6403E+00 .6376E-01 .6701E+00
.9980E+03 .7127E+00 .6378E+00 .6339E-01 .6674E+00
.9990E+03 .7094E+00 .6353E+00 .6305E-01 .6647E+00
.1000E+04 .7085E+00 .6332E+00 .6265E-01 .6623E+00
.1001E+04 .7128E+00 .6386E+00 .6319E-01 .6680E+00
.1002E+04 .7097E+00 .6304E+00 .6190E-01 .6589E+00
.1003E+04 .7013E+00 .6281E+00 .6194E-01 .6568E+00
.1004E+04 .6884E+00 .6152E+00 .6047E-01 .6431E+00
.1005E+04 .6573E+00 .5895E+00 .5798E-01 .6163E+00
.1006E+04 .6863E+00 .6144E+00 .6027E-01 .6421E+00
.1007E+04 .6989E+00 .6265E+00 .6139E-01 .6547E+00
.1008E+04 .6984E+00 .6250E+00 .6109E-01 .6530E+00
.1009E+04 .6980E+00 .6235E+00 .6078E-01 .6513E+00
.1010E+04 .6969E+00 .6220E+00 .6050E-01 .6496E+00
.1011E+04 .6949E+00 .6235E+00 .6073E-01 .6512E+00
.1012E+04 .6924E+00 .6200E+00 .6023E-01 .6474E+00
.1013E+04 .6924E+00 .6216E+00 .6038E-01 .6491E+00
.1014E+04 .6875E+00 .6174E+00 .5987E-01 .6446E+00
.1015E+04 .6835E+00 .6137E+00 .5942E-01 .6406E+00
.1016E+04 .6809E+00 .6112E+00 .5907E-01 .6380E+00
.1017E+04 .6831E+00 .6132E+00 .5917E-01 .6399E+00
.1018E+04 .6786E+00 .6099E+00 .5879E-01 .6364E+00
.1019E+04 .6704E+00 .6004E+00 .5766E-01 .6263E+00
.1020E+04 .6760E+00 .6074E+00 .5835E-01 .6336E+00
.1021E+04 .6739E+00 .6061E+00 .5816E-01 .6321E+00
.1022E+04 .6709E+00 .6027E+00 .5770E-01 .6285E+00
.1023E+04 .6787E+00 .6095E+00 .5825E-01 .6355E+00
.1024E+04 .6764E+00 .6054E+00 .5764E-01 .6310E+00
.1025E+04 .6759E+00 .6080E+00 .5798E-01 .6338E+00
.1026E+04 .6745E+00 .6064E+00 .5771E-01 .6320E+00
.1027E+04 .6728E+00 .6050E+00 .5749E-01 .6304E+00
.1028E+04 .6719E+00 .6041E+00 .5731E-01 .6294E+00
.1029E+04 .6644E+00 .5974E+00 .5658E-01 .6223E+00
.1030E+04 .6667E+00 .6002E+00 .5680E-01 .6252E+00
.1031E+04 .6650E+00 .5984E+00 .5654E-01 .6233E+00
.1032E+04 .6623E+00 .5963E+00 .5627E-01 .6210E+00
.1033E+04 .6525E+00 .5875E+00 .5535E-01 .6118E+00
.1034E+04 .6523E+00 .5875E+00 .5527E-01 .6117E+00
.1035E+04 .6544E+00 .5894E+00 .5537E-01 .6136E+00
.1036E+04 .6584E+00 .5930E+00 .5560E-01 .6172E+00
.1037E+04 .6475E+00 .5831E+00 .5459E-01 .6068E+00
.1038E+04 .6506E+00 .5860E+00 .5478E-01 .6098E+00
.1039E+04 .6506E+00 .5860E+00 .5469E-01 .6096E+00
.1040E+04 .6481E+00 .5837E+00 .5440E-01 .6072E+00
.1041E+04 .6512E+00 .5865E+00 .5456E-01 .6100E+00
.1042E+04 .6467E+00 .5825E+00 .5411E-01 .6058E+00
.1043E+04 .6450E+00 .5809E+00 .5388E-01 .6041E+00
.1044E+04 .6476E+00 .5833E+00 .5400E-01 .6064E+00
.1045E+04 .6391E+00 .5756E+00 .5321E-01 .5984E+00
.1046E+04 .6324E+00 .5696E+00 .5256E-01 .5920E+00
.1047E+04 .6386E+00 .5750E+00 .5298E-01 .5975E+00
.1048E+04 .6425E+00 .5785E+00 .5321E-01 .6011E+00
.1049E+04 .6407E+00 .5766E+00 .5293E-01 .5990E+00
.1050E+04 .6383E+00 .5742E+00 .5262E-01 .5964E+00
